0 1 0.4596354171875 0.9990234375 0.4583333328125 0.9970703125 0.4583333328125 0.9951171875 0.4609375 0.9697265625 0.4609375 0.966796875 0.46484375 0.966796875 0.4674479171875 0.9677734375 0.46875 0.9697265625 0.4713541671875 0.9814453125 0.4713541671875 0.9833984375 0.46875 0.9990234375 0.46875 1 0.4674479171875 1 0.4596354171875
0 0.9580078125 0.4635416671875 0.9384765625 0.4635416671875 0.9365234375 0.4661458328125 0.9267578125 0.4661458328125 0.92578125 0.4674479171875 0.92578125 0.47265625 0.9267578125 0.4739583328125 0.9521484375 0.4739583328125 0.9541015625 0.4713541671875 0.9677734375 0.4713541671875 0.970703125 0.4674479171875 0.970703125 0.46484375 0.9677734375 0.4609375 0.9599609375 0.4609375 0.9580078125 0.4635416671875
0 0.9228515625 0.4713541671875 0.923828125 0.4700520828125 0.923828125 0.4674479171875 0.9228515625 0.4661458328125 0.9013671875 0.4661458328125 0.8994140625 0.46875 0.8896484375 0.46875 0.8876953125 0.4713541671875 0.8818359375 0.4713541671875 0.880859375 0.47265625 0.880859375 0.4752604171875 0.8818359375 0.4765625 0.8837890625 0.4791666671875 0.8935546875 0.4791666671875 0.8955078125 0.4765625 0.9072265625 0.4765625 0.9091796875 0.4739583328125 0.9189453125 0.4739583328125 0.9208984375 0.4713541671875 0.9228515625 0.4713541671875
0 0.8837890625 0.4765625 0.8857421875 0.4765625 0.88671875 0.4752604171875 0.88671875 0.47265625 0.8857421875 0.4713541671875 0.8701171875 0.4713541671875 0.8681640625 0.4739583328125 0.8603515625 0.4739583328125 0.8583984375 0.4765625 0.8447265625 0.4765625 0.8427734375 0.4791666671875 0.8408203125 0.4791666671875 0.83984375 0.48046875 0.83984375 0.4856770828125 0.8408203125 0.4869791671875 0.8525390625 0.4869791671875 0.8544921875 0.484375 0.8681640625 0.484375 0.8701171875 0.4817708328125 0.8779296875 0.4817708328125 0.8798828125 0.4791666671875 0.8818359375 0.4791666671875 0.8837890625 0.4765625
0 0.84375 0.4830729171875 0.84375 0.48046875 0.8427734375 0.4791666671875 0.8134765625 0.4791666671875 0.8115234375 0.4817708328125 0.7978515625 0.4817708328125 0.796875 0.4830729171875 0.796875 0.48828125 0.7978515625 0.4895833328125 0.8056640625 0.4895833328125 0.8076171875 0.4921875 0.8115234375 0.4921875 0.8134765625 0.4895833328125 0.8310546875 0.4895833328125 0.8330078125 0.4869791671875 0.8408203125 0.4869791671875 0.84375 0.4830729171875
0 0.798828125 0.4830729171875 0.7978515625 0.4817708328125 0.7744140625 0.4817708328125 0.7724609375 0.484375 0.7509765625 0.484375 0.748046875 0.48828125 0.748046875 0.4908854171875 0.7490234375 0.4921875 0.7509765625 0.4947916671875 0.7802734375 0.4947916671875 0.7822265625 0.4921875 0.7939453125 0.4921875 0.7958984375 0.4895833328125 0.7978515625 0.4895833328125 0.798828125 0.48828125 0.798828125 0.4830729171875
0 0.755859375 0.4908854171875 0.755859375 0.48828125 0.7529296875 0.484375 0.7255859375 0.484375 0.7236328125 0.4869791671875 0.7060546875 0.4869791671875 0.703125 0.4908854171875 0.703125 0.4934895828125 0.7041015625 0.4947916671875 0.7080078125 0.4947916671875 0.7099609375 0.4973958328125 0.7353515625 0.4973958328125 0.7373046875 0.4947916671875 0.7509765625 0.4947916671875 0.7529296875 0.4921875 0.7548828125 0.4921875 0.755859375 0.4908854171875
0 0.712890625 0.4934895828125 0.712890625 0.48828125 0.7119140625 0.4869791671875 0.6884765625 0.4869791671875 0.6865234375 0.4895833328125 0.6708984375 0.4895833328125 0.66796875 0.4934895828125 0.66796875 0.49609375 0.6689453125 0.4973958328125 0.6787109375 0.4973958328125 0.6806640625 0.5 0.6826171875 0.5 0.6845703125 0.4973958328125 0.7060546875 0.4973958328125 0.7080078125 0.4947916671875 0.7119140625 0.4947916671875 0.712890625 0.4934895828125
0 0.67578125 0.4934895828125 0.6728515625 0.4895833328125 0.6533203125 0.4895833328125 0.6513671875 0.4921875 0.6337890625 0.4921875 0.6318359375 0.4947916671875 0.6240234375 0.4947916671875 0.62109375 0.4986979171875 0.6220703125 0.5 0.6259765625 0.5052083328125 0.6494140625 0.5052083328125 0.6513671875 0.5026041671875 0.6669921875 0.5026041671875 0.6689453125 0.5 0.6728515625 0.5 0.67578125 0.49609375 0.67578125 0.4934895828125
0 0.6279296875 0.5026041671875 0.6298828125 0.5026041671875 0.630859375 0.5013020828125 0.630859375 0.4986979171875 0.6298828125 0.4973958328125 0.6279296875 0.4973958328125 0.6259765625 0.4947916671875 0.6201171875 0.4947916671875 0.6181640625 0.4973958328125 0.6044921875 0.4973958328125 0.6025390625 0.5 0.5869140625 0.5 0.5849609375 0.5026041671875 0.5791015625 0.5026041671875 0.57421875 0.5091145828125 0.57421875 0.51171875 0.5751953125 0.5130208328125 0.5986328125 0.5130208328125 0.6005859375 0.5104166671875 0.6123046875 0.5104166671875 0.6142578125 0.5078125 0.6201171875 0.5078125 0.6220703125 0.5052083328125 0.6259765625 0.5052083328125 0.6279296875 0.5026041671875
0 0.5751953125 0.5052083328125 0.5537109375 0.5052083328125 0.5517578125 0.5078125 0.5380859375 0.5078125 0.53515625 0.51171875 0.53515625 0.5169270828125 0.5361328125 0.5182291671875 0.5517578125 0.5182291671875 0.5537109375 0.515625 0.5673828125 0.515625 0.5693359375 0.5130208328125 0.5751953125 0.5130208328125 0.576171875 0.51171875 0.576171875 0.5065104171875 0.5751953125 0.5052083328125
0 0.5283203125 0.5078125 0.5263671875 0.5104166671875 0.4990234375 0.5104166671875 0.4970703125 0.5130208328125 0.4931640625 0.5130208328125 0.4921875 0.5143229171875 0.4921875 0.5169270828125 0.4931640625 0.5182291671875 0.4951171875 0.5208333328125 0.5283203125 0.5208333328125 0.5302734375 0.5182291671875 0.5341796875 0.5182291671875 0.53515625 0.5169270828125 0.53515625 0.51171875 0.5322265625 0.5078125 0.5283203125 0.5078125
0 0.494140625 0.51953125 0.494140625 0.5169270828125 0.49609375 0.5143229171875 0.4951171875 0.5130208328125 0.4619140625 0.5130208328125 0.4599609375 0.515625 0.4482421875 0.515625 0.447265625 0.5169270828125 0.447265625 0.5221354171875 0.4482421875 0.5234375 0.4501953125 0.5234375 0.4521484375 0.5260416671875 0.4541015625 0.5260416671875 0.4560546875 0.5234375 0.4892578125 0.5234375 0.4912109375 0.5208333328125 0.4931640625 0.5208333328125 0.494140625 0.51953125
0 0.4052734375 0.5182291671875 0.404296875 0.51953125 0.404296875 0.52734375 0.4052734375 0.5286458328125 0.4306640625 0.5286458328125 0.4326171875 0.5260416671875 0.4462890625 0.5260416671875 0.451171875 0.51953125 0.4482421875 0.515625 0.4306640625 0.515625 0.4287109375 0.5182291671875 0.4052734375 0.5182291671875
0 0.3798828125 0.5208333328125 0.3623046875 0.5208333328125 0.359375 0.5247395828125 0.359375 0.5299479171875 0.3603515625 0.53125 0.3798828125 0.53125 0.3818359375 0.5286458328125 0.4013671875 0.5286458328125 0.404296875 0.5247395828125 0.404296875 0.51953125 0.4033203125 0.5182291671875 0.3818359375 0.5182291671875 0.3798828125 0.5208333328125
0 0.3447265625 0.5208333328125 0.3427734375 0.5234375 0.3154296875 0.5234375 0.314453125 0.5247395828125 0.314453125 0.5299479171875 0.3154296875 0.53125 0.3173828125 0.5338541671875 0.3447265625 0.5338541671875 0.3466796875 0.53125 0.3564453125 0.53125 0.359375 0.52734375 0.359375 0.5221354171875 0.3583984375 0.5208333328125 0.3447265625 0.5208333328125
0 0.3134765625 0.5234375 0.3017578125 0.5234375 0.2998046875 0.5260416671875 0.2724609375 0.5260416671875 0.26953125 0.5299479171875 0.26953125 0.5325520828125 0.2705078125 0.5338541671875 0.2744140625 0.5338541671875 0.2763671875 0.5364583328125 0.2998046875 0.5364583328125 0.3017578125 0.5338541671875 0.3115234375 0.5338541671875 0.314453125 0.5299479171875 0.314453125 0.5247395828125 0.3134765625 0.5234375
0 0.26953125 0.5299479171875 0.2666015625 0.5260416671875 0.2646484375 0.5286458328125 0.2294921875 0.5286458328125 0.2265625 0.5325520828125 0.2275390625 0.5338541671875 0.2294921875 0.5364583328125 0.2373046875 0.5364583328125 0.2392578125 0.5390625 0.2626953125 0.5390625 0.2646484375 0.5364583328125 0.2685546875 0.5364583328125 0.26953125 0.53515625 0.26953125 0.5299479171875
0 0.2333984375 0.5338541671875 0.234375 0.5325520828125 0.234375 0.5299479171875 0.2333984375 0.5286458328125 0.2314453125 0.5286458328125 0.2294921875 0.5260416671875 0.1806640625 0.5260416671875 0.177734375 0.5299479171875 0.177734375 0.5325520828125 0.1787109375 0.5338541671875 0.1806640625 0.5364583328125 0.1943359375 0.5364583328125 0.1962890625 0.5390625 0.2177734375 0.5390625 0.2197265625 0.5364583328125 0.2294921875 0.5364583328125 0.2314453125 0.5338541671875 0.2333984375 0.5338541671875
0 0.1865234375 0.5260416671875 0.1337890625 0.5260416671875 0.130859375 0.5299479171875 0.130859375 0.53515625 0.1318359375 0.5364583328125 0.1396484375 0.5364583328125 0.1416015625 0.5390625 0.1708984375 0.5390625 0.1728515625 0.5364583328125 0.1845703125 0.5364583328125 0.1875 0.5325520828125 0.1875 0.52734375 0.1865234375 0.5260416671875
0 0.1328125 0.5325520828125 0.1298828125 0.5286458328125 0.1142578125 0.5286458328125 0.1123046875 0.53125 0.0908203125 0.53125 0.087890625 0.53515625 0.0888671875 0.5364583328125 0.0947265625 0.5416666671875 0.1083984375 0.5416666671875 0.1103515625 0.5390625 0.1259765625 0.5390625 0.1279296875 0.5364583328125 0.1318359375 0.5364583328125 0.1328125 0.53515625 0.1328125 0.5325520828125
0 0.0830078125 0.5390625 0.0849609375 0.5364583328125 0.0869140625 0.5364583328125 0.087890625 0.53515625 0.087890625 0.5325520828125 0.0849609375 0.5286458328125 0.0712890625 0.5286458328125 0.0693359375 0.53125 0.0498046875 0.53125 0.0478515625 0.5338541671875 0.0400390625 0.5338541671875 0.0390625 0.53515625 0.0390625 0.5377604171875 0.0400390625 0.5390625 0.0419921875 0.5390625 0.0439453125 0.5416666671875 0.0478515625 0.5416666671875 0.0498046875 0.5442708328125 0.0517578125 0.5416666671875 0.0693359375 0.5416666671875 0.0712890625 0.5390625 0.0830078125 0.5390625
0 0 0.5455729171875 0.0009765625 0.546875 0.0029296875 0.5442708328125 0.0146484375 0.5442708328125 0.0166015625 0.5416666671875 0.0283203125 0.5416666671875 0.0302734375 0.5390625 0.0341796875 0.5390625 0.037109375 0.53515625 0.037109375 0.5299479171875 0.0361328125 0.5286458328125 0.0322265625 0.5286458328125 0.0302734375 0.53125 0.0087890625 0.53125 0.0068359375 0.5338541671875 0.0009765625 0.5338541671875 0 0.53515625 0 0.5455729171875