0 0.6292114234375 0.4130859375 0.6301923484375 0.4726562484375 0.633135115625 0.4814453109375 0.6380397234374999 0.484375 0.647848946875 0.484375 0.6547154015625 0.4775390625 0.6547154015625 0.4072265640625 0.647848946875 0.3984375015625 0.6341160359375 0.4003906265625 0.6292114234375 0.4130859375
0 0.6311732671875 0.5244140625 0.6301923484375 0.5898437515625 0.633135115625 0.6005859375 0.640001571875 0.6054687515625 0.6498107906249999 0.6035156265625 0.6566772453125 0.5927734359375 0.6566772453125 0.5302734359375 0.647848946875 0.517578125 0.6380397234374999 0.517578125 0.6311732671875 0.5244140625
0 0.6311732671875 0.6474609375 0.6321541921875 0.7109375015625 0.633135115625 0.7177734359375 0.641963415625 0.7246093734375 0.653734478125 0.720703125 0.6586390890625 0.7119140625 0.6586390890625 0.6474609375 0.6498107906249999 0.6367187515625 0.6360778796875 0.638671875 0.6311732671875 0.6474609375
0 0.34376307968750003 0.53125 0.33493478125 0.5361328140625 0.3339538578125 0.548828125 0.3418012359375 0.5546875015625 0.3496486109375 0.5546875015625 0.396732875 0.546875 0.40948486093750003 0.5380859375 0.40948486093750003 0.5302734359375 0.40261840624999995 0.5234375015625 0.3849618078125 0.5234375015625 0.34376307968750003 0.53125
0 0.3418012359375 0.5839843734375 0.33493478125 0.5947265640625 0.3359157015625 0.6035156265625 0.344744 0.6513671859375 0.35161045468749996 0.6601562484375 0.361419678125 0.6601562484375 0.368286134375 0.6513671859375 0.368286134375 0.6416015640625 0.35651506718750003 0.5888671859375 0.35161045468749996 0.5839843734375 0.3418012359375 0.5839843734375
0 0.3418012359375 0.6972656265625 0.33493478125 0.7041015640625 0.3339538578125 0.7128906265625 0.33787754531249997 0.720703125 0.3496486109375 0.720703125 0.35749599062500004 0.716796875 0.39967564218749996 0.6845703109375 0.39967564218749996 0.6728515640625 0.39084734375 0.6660156265625 0.3751525890625 0.671875 0.3418012359375 0.6972656265625
0 0.369267053125 0.8125 0.38594273281249997 0.8095703109375 0.38594273281249997 0.7958984359375 0.3398393890625 0.7539062484375 0.3261064828125 0.7539062484375 0.3212018703125 0.7607421859375 0.322182790625 0.767578125 0.369267053125 0.8125
0 0.27607945156249997 0.5654296890625 0.266270228125 0.6103515640625 0.2672511515625 0.626953125 0.2711748390625 0.6328124984375 0.2809840625 0.6328124984375 0.28981236093749996 0.6220703109375 0.29962157968750003 0.5751953109375 0.29962157968750003 0.5634765640625 0.29471697343750003 0.5566406265625 0.28294590625 0.5566406265625 0.27607945156249997 0.5654296890625
0 0.24959455312499998 0.654296875 0.204472134375 0.6621093734375 0.193681990625 0.6708984359375 0.19466291093750002 0.6796875015625 0.200548446875 0.685546875 0.2201668890625 0.685546875 0.251556396875 0.6796875015625 0.2652893078125 0.6757812484375 0.27215576406249997 0.6689453109375 0.27215576406249997 0.6611328140625 0.2652893078125 0.654296875 0.24959455312499998 0.654296875
0 0.1868155359375 0.578125 0.173082625 0.578125 0.1671970890625 0.5898437515625 0.1681780140625 0.5947265640625 0.17896815625 0.6035156265625 0.2182050453125 0.6210937515625 0.2358616421875 0.623046875 0.24076625468750001 0.6162109375 0.24076625468750001 0.6103515640625 0.23389979843750003 0.6015624984375 0.1868155359375 0.578125
0 0.2750985265625 0.75 0.28294590625 0.7617187515625 0.29471697343750003 0.7597656265625 0.29962157968750003 0.7529296890625 0.30354527187499997 0.6904296890625 0.2966788171875 0.6816406265625 0.28686959375 0.6816406265625 0.2780412953125 0.6943359375 0.2750985265625 0.75
0 0.1760253921875 0.7509765640625 0.1721017015625 0.7568359375 0.173082625 0.765625 0.17896815625 0.7714843734375 0.1887773796875 0.7714843734375 0.204472134375 0.7617187515625 0.2388044109375 0.7353515640625 0.2388044109375 0.7197265640625 0.2260524203125 0.716796875 0.208395821875 0.7265624984375 0.1760253921875 0.7509765640625