0 0.7851562484375 0.9111328140625 0.9072265640625 0.923828125 0.9628906265625 0.9130859375 0.9443359375 0.8984375015625 0.8203124984375 0.8916015640625 0.7900390625 0.8945312484375 0.7851562484375 0.9111328140625
0 0.6357421859375 0.892578125 0.6259765640625 0.890625 0.466796875 0.8916015640625 0.4589843734375 0.8974609375 0.4609375015625 0.9072265640625 0.4873046890625 0.9160156265625 0.6005859375 0.9179687515625 0.6298828140625 0.9140624984375 0.640625 0.9072265640625 0.640625 0.8974609375 0.6357421859375 0.892578125
0 0.310546875 0.8955078140625 0.2998046890625 0.888671875 0.1777343734375 0.8896484359375 0.1533203109375 0.8945312484375 0.1503906265625 0.9052734359375 0.1572265640625 0.9121093734375 0.1787109375 0.9160156265625 0.2822265640625 0.9160156265625 0.3037109375 0.9101562484375 0.3125 0.9033203109375 0.310546875 0.8955078140625
0 0 0.9189453109375 0.0068359375 0.921875 0.018554689062499997 0.919921875 0.029296875 0.9111328140625 0.037109373437499996 0.8955078140625 0.020507814062499997 0.8828124984375 0 0.8837890625 0 0.9189453109375
0 0.9365234359375 0.7578124984375 0.8808593734375 0.7587890625 0.8623046890625 0.763671875 0.861328125 0.7724609375 0.8720703109375 0.779296875 0.9169921859375 0.7871093734375 0.9404296890625 0.7851562484375 0.9472656265625 0.7802734359375 0.9472656265625 0.7666015640625 0.9365234359375 0.7578124984375
0 0.8359375015625 0.7646484359375 0.8251953109375 0.7578124984375 0.794921875 0.7587890625 0.7783203109375 0.7617187515625 0.7714843734375 0.7685546890625 0.7763671859375 0.78125 0.7900390625 0.7851562484375 0.8095703109375 0.7851562484375 0.8291015640625 0.78125 0.8378906265625 0.7724609375 0.8359375015625 0.7646484359375
0 0.671875 0.7587890625 0.6640624984375 0.7646484359375 0.6640624984375 0.7783203109375 0.6728515640625 0.7871093734375 0.7119140625 0.7871093734375 0.7265624984375 0.7802734359375 0.7246093734375 0.7646484359375 0.7138671859375 0.7578124984375 0.671875 0.7587890625
0 0.626953125 0.7685546890625 0.6220703109375 0.7578124984375 0.5986328140625 0.751953125 0.5839843734375 0.7529296890625 0.5751953109375 0.7539062484375 0.5703124984375 0.7587890625 0.5703124984375 0.7763671859375 0.5751953109375 0.78125 0.5888671859375 0.7851562484375 0.6142578140625 0.7851562484375 0.623046875 0.7802734359375 0.626953125 0.7685546890625
0 0.5166015640625 0.7578124984375 0.4970703109375 0.7539062484375 0.482421875 0.7548828140625 0.46875 0.7587890625 0.466796875 0.7685546890625 0.4697265640625 0.7734375015625 0.4951171859375 0.783203125 0.5107421859375 0.783203125 0.517578125 0.7783203109375 0.5214843734375 0.7646484359375 0.5166015640625 0.7578124984375
0 0.4296875015625 0.7529296890625 0.4208984359375 0.7441406265625 0.3984375015625 0.7392578140625 0.3779296890625 0.7441406265625 0.3691406265625 0.7529296890625 0.3691406265625 0.7587890625 0.3759765640625 0.765625 0.3837890625 0.767578125 0.4111328140625 0.767578125 0.4277343734375 0.7607421859375 0.4296875015625 0.7529296890625
0 0.3251953109375 0.7421875015625 0.3095703109375 0.7382812484375 0.2890624984375 0.7392578140625 0.2841796890625 0.7402343734375 0.2773437515625 0.7509765640625 0.2773437515625 0.7568359375 0.2861328140625 0.765625 0.3291015640625 0.765625 0.3359375015625 0.7607421859375 0.3359375015625 0.7509765640625 0.3251953109375 0.7421875015625
0 0.1835937515625 0.7373046890625 0.1757812484375 0.7431640625 0.1757812484375 0.7568359375 0.1826171859375 0.763671875 0.2216796890625 0.767578125 0.234375 0.7607421859375 0.234375 0.7431640625 0.2236328140625 0.736328125 0.1835937515625 0.7373046890625
0 0.142578125 0.7431640625 0.1337890625 0.7382812484375 0.12207031093750001 0.734375 0.10156249843750001 0.7353515640625 0.09472656406249999 0.736328125 0.08593750156249999 0.7490234359375 0.08789062656249999 0.7568359375 0.09667968906249999 0.765625 0.12207031093750001 0.767578125 0.1376953109375 0.7617187515625 0.1445312484375 0.7548828140625 0.142578125 0.7431640625
0 0.036132814062500004 0.7578124984375 0.046875 0.7470703109375 0.046875 0.7373046890625 0.0380859375 0.7304687515625 0 0.7294921859375 0.0009765640625 0.7597656265625 0.036132814062500004 0.7578124984375
0 0.919921875 0.6240234359375 0.9228515640625 0.626953125 1 0.6240234359375 0.9990234359375 0.6054687515625 0.9277343734375 0.6044921859375 0.919921875 0.6083984359375 0.919921875 0.6240234359375
0 0.9228515640625 0.607421875 0.8515624984375 0.6083984359375 0.84375 0.6142578140625 0.8515624984375 0.6162109375 0.8505859375 0.6210937515625 0.84375 0.6220703109375 0.8466796890625 0.626953125 0.9248046890625 0.6289062484375 0.9277343734375 0.6259765640625 0.9228515640625 0.607421875
0 0.7851562484375 0.6064453109375 0.78125 0.6103515640625 0.78125 0.6240234359375 0.7841796890625 0.626953125 0.8505859375 0.626953125 0.8554687515625 0.6240234359375 0.8554687515625 0.6083984359375 0.8505859375 0.6054687515625 0.7851562484375 0.6064453109375
0 0.798828125 0.6083984359375 0.7646484359375 0.5996093734375 0.732421875 0.6005859375 0.7265624984375 0.6083984359375 0.7265624984375 0.6201171859375 0.7333984359375 0.625 0.7529296890625 0.6289062484375 0.7900390625 0.626953125 0.794921875 0.6240234359375 0.794921875 0.6103515640625 0.798828125 0.6083984359375
0 0.7021484359375 0.595703125 0.669921875 0.5966796890625 0.6660156265625 0.6005859375 0.6640624984375 0.6142578140625 0.6728515640625 0.6191406265625 0.7255859375 0.625 0.7382812484375 0.6220703109375 0.7402343734375 0.6025390625 0.7373046890625 0.5996093734375 0.7021484359375 0.595703125
0 0.6279296890625 0.591796875 0.609375 0.5927734359375 0.5966796890625 0.59375 0.591796875 0.5986328140625 0.5898437515625 0.6083984359375 0.5947265640625 0.6152343734375 0.6513671859375 0.6191406265625 0.6660156265625 0.6162109375 0.6591796890625 0.5976562484375 0.6279296890625 0.591796875
0 0.6005859375 0.591796875 0.546875 0.5908203109375 0.53125 0.5947265640625 0.529296875 0.6103515640625 0.5341796890625 0.6152343734375 0.5869140625 0.6171875015625 0.6005859375 0.6152343734375 0.607421875 0.6103515640625 0.607421875 0.5986328140625 0.6005859375 0.591796875
0 0.4814453109375 0.59375 0.4785156265625 0.6103515640625 0.5087890625 0.6171875015625 0.546875 0.6142578140625 0.546875 0.5966796890625 0.5439453109375 0.591796875 0.5 0.5908203109375 0.4814453109375 0.59375
0 0.4296875015625 0.5908203109375 0.4179687515625 0.5927734359375 0.4189453109375 0.611328125 0.4345703109375 0.6152343734375 0.4970703109375 0.6152343734375 0.5 0.6123046890625 0.501953125 0.5966796890625 0.4970703109375 0.591796875 0.4296875015625 0.5908203109375
0 0.375 0.5869140625 0.357421875 0.5927734359375 0.3583984359375 0.609375 0.3740234359375 0.6132812484375 0.4228515640625 0.6132812484375 0.4335937515625 0.6083984359375 0.4326171859375 0.591796875 0.4033203109375 0.5859375015625 0.375 0.5869140625
0 0.3222656265625 0.5869140625 0.310546875 0.5888671859375 0.310546875 0.6083984359375 0.3154296890625 0.6132812484375 0.3583984359375 0.6132812484375 0.3632812484375 0.6083984359375 0.361328125 0.6005859375 0.3642578140625 0.5878906265625 0.3222656265625 0.5869140625
0 0.328125 0.5927734359375 0.3251953109375 0.5898437515625 0.265625 0.5869140625 0.2578124984375 0.5888671859375 0.2578124984375 0.5927734359375 0.263671875 0.5966796890625 0.2597656265625 0.5986328140625 0.2587890625 0.609375 0.3134765640625 0.6132812484375 0.328125 0.6083984359375 0.328125 0.5927734359375
0 0.2109375015625 0.5966796890625 0.2089843734375 0.6025390625 0.2177734359375 0.609375 0.28125 0.6103515640625 0.283203125 0.5888671859375 0.2783203109375 0.5859375015625 0.205078125 0.5869140625 0.2109375015625 0.5966796890625
0 0.2177734359375 0.5839843734375 0.1601562484375 0.5830078140625 0.1513671859375 0.5839843734375 0.1464843734375 0.5888671859375 0.1464843734375 0.6005859375 0.1611328140625 0.607421875 0.2177734359375 0.609375 0.2265624984375 0.5927734359375 0.2265624984375 0.5888671859375 0.2177734359375 0.5839843734375
0 0.1640624984375 0.5888671859375 0.1591796890625 0.5839843734375 0.125 0.5830078140625 0.09472656406249999 0.5839843734375 0.08984375156249999 0.5869140625 0.08984375156249999 0.6005859375 0.09863281406249999 0.6054687515625 0.1318359375 0.609375 0.1552734359375 0.607421875 0.1640624984375 0.6005859375 0.1640624984375 0.5888671859375
0 0.0507812484375 0.5810546890625 0.0302734359375 0.5839843734375 0.0273437515625 0.5888671859375 0.029296875 0.5986328140625 0.047851564062500004 0.6035156265625 0.10839843593750001 0.6054687515625 0.11523437343750001 0.5927734359375 0.11035156406249999 0.5839843734375 0.0507812484375 0.5810546890625
0 0.046875 0.5830078140625 0.043945310937499996 0.580078125 0 0.5771484359375 0.0009765640625 0.6015624984375 0.046875 0.6005859375 0.046875 0.5830078140625
0 0.9931640625 0.2851562484375 0.9755859375 0.2734375015625 0.9570312484375 0.2724609375 0.9453124984375 0.2783203109375 0.9453124984375 0.2841796890625 0.9521484359375 0.2910156265625 0.9697265640625 0.296875 0.9833984359375 0.3066406265625 1 0.3095703109375 0.9990234359375 0.2851562484375 0.9931640625 0.2851562484375
0 0.9433593734375 0.3115234359375 0.9287109375 0.3027343734375 0.8994140625 0.2753906265625 0.8876953109375 0.2714843734375 0.873046875 0.2724609375 0.8691406265625 0.2744140625 0.8691406265625 0.2861328140625 0.875 0.2939453109375 0.8974609375 0.3066406265625 0.9169921859375 0.326171875 0.9365234359375 0.3339843734375 0.9492187515625 0.3271484359375 0.9433593734375 0.3115234359375
0 0.8330078140625 0.2890624984375 0.8095703109375 0.2734375015625 0.7890624984375 0.2724609375 0.78125 0.2802734359375 0.7861328140625 0.2910156265625 0.8115234359375 0.3046875015625 0.8232421859375 0.3183593734375 0.8466796890625 0.3320312484375 0.857421875 0.3291015640625 0.857421875 0.3154296890625 0.8330078140625 0.2890624984375
0 0.7734375015625 0.3115234359375 0.7548828140625 0.298828125 0.7333984359375 0.2753906265625 0.7216796890625 0.2714843734375 0.7089843734375 0.2724609375 0.703125 0.2763671859375 0.705078125 0.2861328140625 0.7197265640625 0.298828125 0.7333984359375 0.3046875015625 0.7529296890625 0.326171875 0.7705078140625 0.3339843734375 0.779296875 0.3291015640625 0.7734375015625 0.3115234359375
0 0.6494140625 0.2851562484375 0.6308593734375 0.2861328140625 0.625 0.2919921859375 0.6318359375 0.3007812484375 0.6728515640625 0.326171875 0.6884765640625 0.328125 0.701171875 0.3232421859375 0.701171875 0.3154296890625 0.6767578140625 0.296875 0.6494140625 0.2851562484375
0 0.6044921859375 0.3046875015625 0.5771484359375 0.2929687515625 0.5654296890625 0.283203125 0.546875 0.2822265640625 0.5410156265625 0.2880859375 0.5429687515625 0.2939453109375 0.5595703109375 0.3046875015625 0.5732421859375 0.3203124984375 0.6064453109375 0.3339843734375 0.6171875015625 0.3291015640625 0.6152343734375 0.3154296890625 0.6044921859375 0.3046875015625
0 0.5205078140625 0.3027343734375 0.4755859375 0.2773437515625 0.4628906265625 0.2763671859375 0.453125 0.2822265640625 0.455078125 0.2900390625 0.4892578140625 0.3164062484375 0.5029296890625 0.3222656265625 0.5185546890625 0.3222656265625 0.5273437515625 0.3173828140625 0.5273437515625 0.3095703109375 0.5205078140625 0.3027343734375
0 0.3847656265625 0.2763671859375 0.3808593734375 0.2861328140625 0.4130859375 0.3183593734375 0.4404296890625 0.3203124984375 0.4433593734375 0.3173828140625 0.4453124984375 0.3076171859375 0.4267578140625 0.2910156265625 0.4013671859375 0.2753906265625 0.3847656265625 0.2763671859375
0 0.3369140625 0.283203125 0.3291015640625 0.2753906265625 0.3125 0.2763671859375 0.3085937515625 0.2841796890625 0.3486328140625 0.3203124984375 0.3583984359375 0.3242187515625 0.3740234359375 0.3242187515625 0.3789062484375 0.3193359375 0.375 0.3076171859375 0.3642578140625 0.296875 0.3369140625 0.283203125
0 0.2382812484375 0.2744140625 0.234375 0.2783203109375 0.236328125 0.2861328140625 0.2724609375 0.3203124984375 0.2919921859375 0.326171875 0.3027343734375 0.3193359375 0.3027343734375 0.3095703109375 0.2626953109375 0.2753906265625 0.2382812484375 0.2744140625
0 0.2177734359375 0.2910156265625 0.2060546890625 0.2871093734375 0.1884765640625 0.267578125 0.1679687515625 0.2666015640625 0.1640624984375 0.2685546890625 0.1679687515625 0.2822265640625 0.1806640625 0.2910156265625 0.2041015640625 0.3183593734375 0.2197265640625 0.3203124984375 0.2285156265625 0.3134765640625 0.2265624984375 0.2998046890625 0.2177734359375 0.2910156265625
0 0.1455078140625 0.2910156265625 0.1337890625 0.2871093734375 0.1162109375 0.2734375015625 0.09375 0.2705078140625 0.08789062656249999 0.2744140625 0.08789062656249999 0.2861328140625 0.09375 0.2978515640625 0.10644531093750001 0.310546875 0.1376953109375 0.3203124984375 0.1503906265625 0.3173828140625 0.154296875 0.3037109375 0.1455078140625 0.2910156265625
0 0.0537109375 0.2695312484375 0.036132814062500004 0.2617187515625 0.023437501562499997 0.2626953109375 0.017578125 0.2685546890625 0.017578125 0.2861328140625 0.0244140625 0.296875 0.0517578140625 0.3085937515625 0.0693359375 0.3085937515625 0.076171875 0.3017578140625 0.07421875156249999 0.2900390625 0.0537109375 0.2695312484375
0 1 0.018554689062499997 0.9941406265625 0.018554689062499997 0.9912109375 0.0253906265625 0.970703125 0.034179689062500004 0.9726562484375 0.06738281406249999 0.9648437515625 0.07910156406249999 0.9648437515625 0.08886718593750001 0.9716796890625 0.095703125 0.9853515640625 0.095703125 1 0.07910156406249999 1 0.018554689062499997
0 0.9609375015625 0.0244140625 0.955078125 0.0244140625 0.9453124984375 0.036132814062500004 0.939453125 0.06738281406249999 0.9316406265625 0.0849609375 0.9316406265625 0.08886718593750001 0.9384765640625 0.09375 0.9492187515625 0.0869140625 0.9570312484375 0.06542968906249999 0.9609375015625 0.0244140625
0 0.9160156265625 0.06347656406249999 0.921875 0.0576171859375 0.921875 0.034179689062500004 0.9101562484375 0.032226564062500004 0.8945312484375 0.036132814062500004 0.8789062484375 0.07910156406249999 0.8808593734375 0.09082031093750001 0.8935546890625 0.09765624843750001 0.8955078140625 0.095703125 0.8968590093750001 0.0906948484375 0.8908976140625 0.08890730625 0.9003240984374999 0.08376813281249999 0.9160156265625 0.06347656406249999
0 0.8575883640624999 0.0606790140625 0.873046875 0.036132814062500004 0.857421875 0.034179689062500004 0.8466796890625 0.035156248437499996 0.8378906265625 0.045898435937499996 0.8359375015625 0.0537109375 0.8320312484375 0.0849609375 0.8388671859375 0.09375 0.8466796890625 0.095703125 0.8460381828125 0.08376813281249999 0.8575883640624999 0.0606790140625
0 0.7978515640625 0.08593750156249999 0.8017578140625 0.078125 0.8134765640625 0.07421875156249999 0.8164062484375 0.0693359375 0.814453125 0.0595703109375 0.8203124984375 0.043945310937499996 0.8154296890625 0.042968751562500004 0.8115234359375 0.037109373437499996 0.8007812484375 0.036132814062500004 0.7880859375 0.037109373437499996 0.7714843734375 0.0556640625 0.7734375015625 0.06542968906249999 0.7695312484375 0.08105468906249999 0.7744140625 0.08984375156249999 0.7822265640625 0.091796875 0.7880859375 0.08593750156249999 0.7978515640625 0.08593750156249999
0 0.7382812484375 0.036132814062500004 0.7285156265625 0.045898435937499996 0.7226562484375 0.0693359375 0.7255859375 0.080078125 0.7412109375 0.07421875156249999 0.75 0.06542968906249999 0.7578124984375 0.047851564062500004 0.7509765640625 0.037109373437499996 0.7382812484375 0.036132814062500004
0 0.6796875015625 0.047851564062500004 0.6767578140625 0.08203124843750001 0.6826171859375 0.08203124843750001 0.6933593734375 0.07519531093750001 0.703125 0.0517578140625 0.6982421859375 0.039062498437499996 0.6875 0.0380859375 0.6796875015625 0.047851564062500004
0 0.6308593734375 0.045898435937499996 0.6308593734375 0.07910156406249999 0.6357421859375 0.08398437343750001 0.6445312484375 0.07910156406249999 0.65625 0.049804689062500004 0.6494140625 0.037109373437499996 0.638671875 0.0380859375 0.6308593734375 0.045898435937499996
0 0.59375 0.0380859375 0.5859375015625 0.045898435937499996 0.5820312484375 0.0693359375 0.5820312484375 0.07910156406249999 0.5869140625 0.08398437343750001 0.5996093734375 0.07324218593750001 0.609375 0.0556640625 0.607421875 0.0380859375 0.59375 0.0380859375
0 0.5711438484375 0.039898817187500005 0.5429687515625 0.036132814062500004 0.5361328140625 0.037109373437499996 0.533203125 0.041992185937499996 0.533203125 0.08105468906249999 0.5380859375 0.08593750156249999 0.5507812484375 0.07910156406249999 0.5625 0.0576171859375 0.5699887593749999 0.05144337812500001 0.5711438484375 0.039898817187500005
0 0.5234375015625 0.041992185937499996 0.5146484359375 0.035156248437499996 0.5039062484375 0.036132814062500004 0.4941406265625 0.045898435937499996 0.4921875015625 0.07910156406249999 0.4951171859375 0.08398437343750001 0.5068359375 0.08398437343750001 0.5214843734375 0.07324218593750001 0.5195312484375 0.0615234359375 0.5234375015625 0.0537109375 0.5234375015625 0.041992185937499996
0 0.46719219062499995 0.069914653125 0.4746093734375 0.043945310937499996 0.4677734359375 0.039062498437499996 0.4570312484375 0.0380859375 0.4414062484375 0.045898435937499996 0.439453125 0.07714843593750001 0.4482421859375 0.08984375156249999 0.4560546890625 0.08593750156249999 0.4619140625 0.08789062656249999 0.4658203109375 0.080078125 0.46026201406249995 0.0814592140625 0.46719219062499995 0.069914653125
0 0.4375 0.043945310937499996 0.4287109375 0.035156248437499996 0.419921875 0.036132814062500004 0.404296875 0.043945310937499996 0.404296875 0.0517578140625 0.3964843734375 0.06542968906249999 0.4013671859375 0.08203124843750001 0.4150390625 0.08398437343750001 0.4208984359375 0.078125 0.42214645781250004 0.069914653125 0.4375 0.043945310937499996
0 0.3667055375 0.077995853125 0.3683172 0.078962378125 0.36901562656250003 0.0733780140625 0.37410256875000003 0.0777026265625 0.38865090625 0.0537522984375 0.38980590625 0.0479800171875 0.3789062484375 0.0400390625 0.3642578140625 0.041015626562500004 0.357421875 0.045898435937499996 0.357421875 0.07519531093750001 0.3662109375 0.08203124843750001 0.36762635625 0.0816773953125 0.3667055375 0.077995853125
0 0.3320312484375 0.041992185937499996 0.3183593734375 0.07324218593750001 0.3427734359375 0.078125 0.3515624984375 0.043945310937499996 0.3320312484375 0.041992185937499996
0 0.310546875 0.0693359375 0.310546875 0.045898435937499996 0.2851562484375 0.041992185937499996 0.2695312484375 0.0712890625 0.2783203109375 0.08984375156249999 0.310546875 0.0693359375
0 0.2402343734375 0.045898435937499996 0.232421875 0.0693359375 0.2490234359375 0.078125 0.2597656265625 0.0517578140625 0.2402343734375 0.045898435937499996
0 0.1972656265625 0.047851564062500004 0.185546875 0.07324218593750001 0.2041015640625 0.08593750156249999 0.21875 0.0517578140625 0.1972656265625 0.047851564062500004
0 0.142578125 0.043945310937499996 0.1435546890625 0.08398437343750001 0.15866736406249998 0.07255085312500001 0.1767578140625 0.046875 0.142578125 0.043945310937499996
0 0.078125 0.045898435937499996 0.078125 0.08105468906249999 0.083470853125 0.07505619062499999 0.0909905828125 0.078814178125 0.098510115625 0.055013528125 0.1110428671875 0.03622355625 0.09375 0.041992185937499996 0.078125 0.045898435937499996
0 0.030833332812499996 0.063782190625 0.0283203109375 0.08593750156249999 0.0458725953125 0.06503483593750001 0.0537109375 0.035156248437499996 0.0233136046875 0.033718217187499996 0.0233136046875 0.05877151093750001 0.030833332812499996 0.063782190625