0 0.4990234390625 0.8518845578124999 0.5185546875 0.8518845578124999 0.5234375015625 0.8448979781249999 0.5205078140625 0.835116771875 0.505859375 0.836514084375 0.4980468734375 0.8421033515625 0.4990234390625 0.8518845578124999
0 0.4394531265625 0.8337194578125 0.4345703125 0.835116771875 0.431640625 0.8421033515625 0.4404296875 0.8518845578124999 0.4560546875 0.8546791921875 0.4648437515625 0.8476926109375 0.4648437515625 0.8393087187500001 0.4599609375 0.835116771875 0.4394531265625 0.8337194578125
0 0.3720703125 0.8379114046874999 0.3955078140625 0.8379114046874999 0.3984375015625 0.8337194578125 0.3955078140625 0.82393825 0.3671875015625 0.82254093125 0.365234375 0.830924825 0.3720703125 0.8379114046874999
0 0.2929687515625 0.8113624093749999 0.2929687515625 0.8197463031250001 0.2978515609375 0.82393825 0.3271484390625 0.8267328781250001 0.3320312484375 0.8169516703124999 0.3251953125 0.8071704625 0.3007812484375 0.8057731484374999 0.2929687515625 0.8113624093749999
0 0.2207031265625 0.8085677765625 0.2294921859375 0.8155543562500001 0.2509765609375 0.8155543562500001 0.2539062484375 0.8113624093749999 0.2539062484375 0.8057731484374999 0.2451171859375 0.79878656875 0.2226562484375 0.8001838828125001 0.2207031265625 0.8085677765625
0 0.1523437515625 0.7973892546875 0.1552734390625 0.8071704625 0.1826171859375 0.8099650953124999 0.1855468734375 0.8057731484374999 0.1855468734375 0.7973892546875 0.1787109375 0.7904026749999999 0.1582031265625 0.7917999890625 0.1523437515625 0.7973892546875
0 0.08593750156249999 0.8001838828125001 0.09277343906249999 0.8071704625 0.1064453125 0.8071704625 0.11718750156249999 0.8001838828125001 0.11718750156249999 0.794594621875 0.1123046875 0.7904026749999999 0.08984375156249999 0.7917999890625 0.08593750156249999 0.8001838828125001
0 0.035156248437499996 0.7917999890625 0.0146484390625 0.7931973078125 0.009765625 0.802978515625 0.0185546875 0.8099650953124999 0.0341796875 0.8099650953124999 0.0439453125 0.8071704625 0.048828126562500004 0.8001838828125001 0.041992185937499996 0.7904026749999999 0.035156248437499996 0.7917999890625
0 0.5390624984375 0.22728453124999998 0.5439453125 0.2370657390625 0.5595703125 0.2426550046875 0.5664062484375 0.235668425 0.5664062484375 0.230079165625 0.5595703125 0.2202979578125 0.5429687515625 0.21890063906249999 0.5390624984375 0.22728453124999998
0 0.4824218734375 0.213311378125 0.4814453125 0.22868185156249998 0.5009765609375 0.239860371875 0.5107421859375 0.239860371875 0.5136718734375 0.235668425 0.5136718734375 0.230079165625 0.5068359375 0.2202979578125 0.4892578140625 0.2119140640625 0.4824218734375 0.213311378125
0 0.4355468734375 0.22448990468750002 0.4482421859375 0.239860371875 0.4560546875 0.24544963281249998 0.4648437515625 0.24125768593750002 0.4648437515625 0.235668425 0.4501953125 0.21750332499999997 0.4355468734375 0.2161060109375 0.4355468734375 0.22448990468750002
0 0.4111328140625 0.2202979578125 0.3974609375 0.2119140640625 0.390625 0.213311378125 0.3867187515625 0.22448990468750002 0.3935546875 0.23427111093750003 0.4033203125 0.2370657390625 0.4169921859375 0.248244265625 0.4238281265625 0.24405231875000002 0.4257812484375 0.2384630578125 0.4238281265625 0.2328737921875 0.4111328140625 0.2202979578125
0 0.353515625 0.21890063906249999 0.349609375 0.221695271875 0.349609375 0.230079165625 0.3583984390625 0.2426550046875 0.3681640625 0.248244265625 0.3710937515625 0.24405231875000002 0.369140625 0.230079165625 0.3642578140625 0.223092584375 0.353515625 0.21890063906249999
0 0.3125 0.2161060109375 0.3085937515625 0.21890063906249999 0.3085937515625 0.22728453124999998 0.3134765609375 0.23427111093750003 0.3291015609375 0.248244265625 0.3359375015625 0.24405231875000002 0.333984375 0.2328737921875 0.3232421859375 0.21750332499999997 0.3125 0.2161060109375
0 0.2734375015625 0.21890063906249999 0.275390625 0.2328737921875 0.2939453125 0.25103889375 0.2988281265625 0.24405231875000002 0.2949218734375 0.22728453124999998 0.2861328140625 0.21750332499999997 0.2773437515625 0.2161060109375 0.2734375015625 0.21890063906249999
0 0.2363281265625 0.22728453124999998 0.2412109375 0.23427111093750003 0.2548828140625 0.24544963281249998 0.2636718734375 0.24125768593750002 0.2548828140625 0.223092584375 0.2470703125 0.21750332499999997 0.2363281265625 0.21890063906249999 0.2363281265625 0.22728453124999998
0 0.2119140625 0.21470869218750002 0.2050781265625 0.2161060109375 0.2011718734375 0.21890063906249999 0.2011718734375 0.22728453124999998 0.2060546875 0.23427111093750003 0.2197265609375 0.24544963281249998 0.224609375 0.24125768593750002 0.224609375 0.2328737921875 0.2177734390625 0.2202979578125 0.2119140625 0.21470869218750002
0 0.1728515609375 0.2119140640625 0.162109375 0.213311378125 0.1582031265625 0.22448990468750002 0.1767578140625 0.24544963281249998 0.1845703125 0.24544963281249998 0.18806478124999998 0.240741334375 0.1875497171875 0.23190171875 0.1860044796875 0.22379874531250002 0.18239898125 0.2171690265625 0.1728515609375 0.2119140640625
0 0.119140625 0.22448990468750002 0.1259765609375 0.23427111093750003 0.1376953125 0.2426550046875 0.146484375 0.235668425 0.1435546875 0.2202979578125 0.1318359375 0.2119140640625 0.125 0.213311378125 0.119140625 0.22448990468750002
0 0.08007812656249999 0.2161060109375 0.07617187343750001 0.221695271875 0.078125 0.22728453124999998 0.0908203125 0.2426550046875 0.1005859375 0.248244265625 0.10742187343750001 0.24405231875000002 0.09277343906249999 0.2202979578125 0.0849609375 0.21470869218750002 0.08007812656249999 0.2161060109375
0 0.035156248437499996 0.22728453124999998 0.041992185937499996 0.2370657390625 0.0537109375 0.24544963281249998 0.0585937515625 0.24125768593750002 0.0585937515625 0.2328737921875 0.045898439062500004 0.21470869218750002 0.037109375 0.2161060109375 0.035156248437499996 0.22728453124999998
0 0 0.2384630578125 0.0146484390625 0.24544963281249998 0.017578126562499997 0.24125768593750002 0.017578126562499997 0.230079165625 0.0087890625 0.21750332499999997 0 0.2161060109375 0 0.2384630578125