0 0.142578125 0.2799479171875 0.1474609375 0.2786458328125 0.150390625 0.26953125 0.1376953125 0.2630208328125 0.1083984375 0.2630208328125 0.103515625 0.26953125 0.103515625 0.2747395828125 0.1123046875 0.28125 0.142578125 0.2799479171875
0 0.2177734375 0.28125 0.2197265625 0.2838541671875 0.2236328125 0.28125 0.2255859375 0.2838541671875 0.240234375 0.2825520828125 0.2421875 0.2799479171875 0.240234375 0.2747395828125 0.2294921875 0.2682291671875 0.1962890625 0.265625 0.193359375 0.26953125 0.193359375 0.2747395828125 0.1982421875 0.2786458328125 0.2177734375 0.28125
0 0.0625 0.27734375 0.060546875 0.2669270828125 0.0458984375 0.2578125 0.0341796875 0.234375 0.029296875 0.23828125 0.029296875 0.24348958281250002 0.0400390625 0.2682291671875 0.0498046875 0.2786458328125 0.0625 0.27734375
0 0.0009765625 0.0546875 0 0.08203125 0.00390625 0.08203125 0.0087890625 0.08072916718749999 0.01171875 0.07161458281250001 0.0009765625 0.0546875
0 0.1259765625 0.06510416718749999 0.1162109375 0.06770833281250001 0.11328125 0.07161458281250001 0.1162109375 0.07552083281250001 0.138671875 0.07421875 0.2255859375 0.07291666718749999 0.232421875 0.06901041718749999 0.2255859375 0.0625 0.2138671875 0.0625 0.2119140625 0.05989583281250001 0.1806640625 0.05989583281250001 0.1787109375 0.0625 0.1259765625 0.06510416718749999
0 0.3359375 0.06380208281250001 0.3369140625 0.0703125 0.3505859375 0.0703125 0.3525390625 0.07291666718749999 0.431640625 0.07682291718749999 0.4384765625 0.07552083281250001 0.439453125 0.07161458281250001 0.4306640625 0.06510416718749999 0.3818359375 0.06510416718749999 0.3798828125 0.0625 0.3466796875 0.0625 0.3447265625 0.05989583281250001 0.3359375 0.06380208281250001
0 0.5576171875 0.0859375 0.6083984375 0.08854166718749999 0.6103515625 0.09114583281250001 0.6484375 0.08984375 0.654296875 0.08203125 0.6455078125 0.07552083281250001 0.5966796875 0.07291666718749999 0.5947265625 0.0703125 0.5517578125 0.0703125 0.548828125 0.07421875 0.548828125 0.07942708281250001 0.5576171875 0.0859375
0 0.7802734375 0.1041666671875 0.7861328125 0.1015625 0.7900390625 0.1041666671875 0.7919921875 0.1015625 0.845703125 0.1028645828125 0.849609375 0.1002604171875 0.849609375 0.09505208281250001 0.8349609375 0.08854166718749999 0.7509765625 0.08854166718749999 0.748046875 0.09244791718749999 0.7548828125 0.1015625 0.7783203125 0.1015625 0.7802734375 0.1041666671875
0 0.953125 0.1236979171875 0.9599609375 0.1171875 0.9697265625 0.1145833328125 0.970703125 0.1106770828125 0.9560546875 0.1015625 0.9462890625 0.1041666671875 0.9375 0.1184895828125 0.9423828125 0.125 0.953125 0.1236979171875
0 0.328125 0.2799479171875 0.328125 0.2721354171875 0.3212890625 0.2682291671875 0.283203125 0.2721354171875 0.283203125 0.2799479171875 0.2861328125 0.2838541671875 0.322265625 0.2825520828125 0.328125 0.2799479171875
0 0.365234375 0.27734375 0.3720703125 0.2864583328125 0.416015625 0.28515625 0.4111328125 0.2760416671875 0.3681640625 0.2734375 0.365234375 0.27734375
0 0.447265625 0.2825520828125 0.4599609375 0.2916666671875 0.4697265625 0.2942708328125 0.494140625 0.29296875 0.50390625 0.2877604171875 0.4990234375 0.28125 0.4912109375 0.2786458328125 0.4658203125 0.2786458328125 0.4560546875 0.2708333328125 0.4501953125 0.2708333328125 0.447265625 0.2747395828125 0.447265625 0.2825520828125
0 0.5576171875 0.2916666671875 0.587890625 0.29296875 0.5927734375 0.2916666671875 0.59375 0.28515625 0.5849609375 0.2786458328125 0.5419921875 0.2786458328125 0.537109375 0.2825520828125 0.5400390625 0.2890625 0.5498046875 0.2942708328125 0.5576171875 0.2916666671875
0 0.671875 0.30078125 0.6796875 0.2955729171875 0.6796875 0.2903645828125 0.6728515625 0.2838541671875 0.6376953125 0.2838541671875 0.634765625 0.2877604171875 0.634765625 0.29296875 0.6416015625 0.2994791671875 0.671875 0.30078125
0 0.76953125 0.3033854171875 0.771484375 0.2955729171875 0.7568359375 0.2864583328125 0.72265625 0.2877604171875 0.72265625 0.29296875 0.7333984375 0.3020833328125 0.765625 0.3059895828125 0.76953125 0.3033854171875
0 0.8359375 0.3059895828125 0.841796875 0.30078125 0.8369140625 0.2942708328125 0.8095703125 0.2942708328125 0.8076171875 0.2916666671875 0.802734375 0.2955729171875 0.802734375 0.30078125 0.8076171875 0.3072916671875 0.8359375 0.3059895828125
0 0.896484375 0.3033854171875 0.8876953125 0.2890625 0.8779296875 0.2890625 0.873046875 0.2955729171875 0.873046875 0.30859375 0.8759765625 0.3125 0.892578125 0.3111979171875 0.896484375 0.3033854171875
0 0.0234375 0.5143229171875 0.03515625 0.5013020828125 0.03515625 0.4908854171875 0.0283203125 0.484375 0.0205078125 0.4869791671875 0.015625 0.4986979171875 0.0078125 0.5065104171875 0.0126953125 0.515625 0.0234375 0.5143229171875