0 0.5091145828125 0.912109375 0.5078125 0.9423828125 0.5143229171875 0.947265625 0.5182291671875 0.9443359375 0.5169270828125 0.919921875 0.515625 0.9130859375 0.5091145828125 0.912109375
0 0.5143229171875 0.849609375 0.51171875 0.84375 0.5026041671875 0.8447265625 0.5026041671875 0.8701171875 0.5065104171875 0.873046875 0.5130208328125 0.8701171875 0.5130208328125 0.8603515625 0.515625 0.8583984375 0.5143229171875 0.849609375
0 0.51171875 0.806640625 0.515625 0.8017578125 0.5143229171875 0.775390625 0.5065104171875 0.7734375 0.5052083328125 0.7822265625 0.5026041671875 0.7841796875 0.5052083328125 0.7861328125 0.5026041671875 0.7900390625 0.5026041671875 0.7998046875 0.5065104171875 0.806640625 0.51171875 0.806640625
0 0.51171875 0.7109375 0.5052083328125 0.7119140625 0.5052083328125 0.7333984375 0.5091145828125 0.73828125 0.51171875 0.73828125 0.515625 0.7333984375 0.5143229171875 0.71484375 0.51171875 0.7109375
0 0.5143229171875 0.6484375 0.5091145828125 0.646484375 0.5052083328125 0.6494140625 0.5052083328125 0.6767578125 0.5091145828125 0.681640625 0.515625 0.6748046875 0.5130208328125 0.6689453125 0.515625 0.6669921875 0.5143229171875 0.6484375
0 0.5078125 0.6064453125 0.51171875 0.609375 0.515625 0.6083984375 0.5143229171875 0.58984375 0.5130208328125 0.5751953125 0.5091145828125 0.5703125 0.50390625 0.5703125 0.5026041671875 0.5849609375 0.5052083328125 0.5869140625 0.5052083328125 0.5986328125 0.5078125 0.6005859375 0.5078125 0.6064453125
0 0.5091145828125 0.494140625 0.50390625 0.494140625 0.5 0.4970703125 0.5026041671875 0.5224609375 0.5065104171875 0.52734375 0.5130208328125 0.5244140625 0.51171875 0.5 0.5091145828125 0.494140625
0 0.4973958328125 0.4384765625 0.4973958328125 0.4580078125 0.50390625 0.46484375 0.5104166671875 0.4599609375 0.5091145828125 0.435546875 0.50390625 0.431640625 0.4973958328125 0.4384765625
0 0.5065104171875 0.359375 0.5 0.3623046875 0.4973958328125 0.3896484375 0.5013020828125 0.39453125 0.5065104171875 0.39453125 0.5104166671875 0.3896484375 0.51171875 0.365234375 0.5065104171875 0.359375
0 0.4947916671875 0.2900390625 0.4947916671875 0.3115234375 0.5013020828125 0.322265625 0.5078125 0.3193359375 0.5065104171875 0.287109375 0.5013020828125 0.28515625 0.4947916671875 0.2900390625
0 0.4947916671875 0.2197265625 0.4947916671875 0.2451171875 0.4986979171875 0.251953125 0.5078125 0.2509765625 0.5065104171875 0.21875 0.4986979171875 0.216796875 0.4947916671875 0.2197265625
0 0.50390625 0.162109375 0.4986979171875 0.16015625 0.4921875 0.1650390625 0.4921875 0.1826171875 0.49609375 0.185546875 0.5026041671875 0.1826171875 0.5026041671875 0.1767578125 0.5052083328125 0.1748046875 0.50390625 0.162109375
0 0.4921875 0.1044921875 0.4934895828125 0.126953125 0.5026041671875 0.1259765625 0.5052083328125 0.1201171875 0.50390625 0.103515625 0.49609375 0.099609375 0.4921875 0.1044921875
0 0.4973958328125 0.0419921875 0.4921875 0.0517578125 0.4921875 0.0615234375 0.49609375 0.064453125 0.5013020828125 0.064453125 0.5052083328125 0.0595703125 0.50390625 0.041015625 0.4973958328125 0.0419921875
0 0.34765625 0.625 0.35546875 0.625 0.359375 0.6220703125 0.3580729171875 0.62109375 0.3528645828125 0.619140625 0.24348958281250002 0.619140625 0.234375 0.6240234375 0.234375 0.6279296875 0.29296875 0.62890625 0.2955729171875 0.626953125 0.3450520828125 0.626953125 0.34765625 0.625