0 0.0625 0.14409722187500001 0.0830078125 0.17013888906250002 0.169921875 0.16840277812499999 0.1591796875 0.14236111093749998 0.0625 0.14409722187500001
0 0.365234375 0.15451388906250002 0.3447265625 0.13888888906250002 0.26171875 0.14756944375 0.2763671875 0.1666666671875 0.361328125 0.16840277812499999 0.365234375 0.15451388906250002
0 0.4716796875 0.12847222187500001 0.4697265625 0.13194444375 0.4599609375 0.13194444375 0.451171875 0.14409722187500001 0.4541015625 0.15625 0.4638671875 0.16319444375 0.53125 0.1614583328125 0.5517578125 0.15972222187500001 0.556640625 0.15451388906250002 0.55859375 0.14409722187500001 0.5556640625 0.1354166671875 0.5419921875 0.12847222187500001 0.4716796875 0.12847222187500001
0 0.65625 0.1510416671875 0.65625 0.1614583328125 0.6669921875 0.17013888906250002 0.6708984375 0.1666666671875 0.6923828125 0.1666666671875 0.6943359375 0.17013888906250002 0.76171875 0.16840277812499999 0.765625 0.1614583328125 0.765625 0.15451388906250002 0.7607421875 0.1458333328125 0.7509765625 0.14236111093749998 0.6650390625 0.14236111093749998 0.65625 0.1510416671875
0 0.873046875 0.171875 0.8779296875 0.18055555625 0.9150390625 0.18055555625 0.9345703125 0.1875 0.958984375 0.18576388906250002 0.962890625 0.17881944375 0.962890625 0.16840277812499999 0.9482421875 0.15625 0.8779296875 0.15625 0.873046875 0.16493055625 0.873046875 0.171875
0 0.91015625 0.36284722187499996 0.91015625 0.3767361109375 0.9130859375 0.38194444375000003 0.947265625 0.38368055624999997 0.9638671875 0.38194444375000003 0.974609375 0.36631944375000003 0.974609375 0.359375 0.9716796875 0.3541666671875 0.9169921875 0.3541666671875 0.91015625 0.36284722187499996
0 0.826171875 0.35590277812500004 0.826171875 0.36631944375000003 0.8310546875 0.375 0.8388671875 0.37847222187499996 0.86328125 0.3767361109375 0.8681640625 0.375 0.873046875 0.36631944375000003 0.873046875 0.359375 0.8662109375 0.34722222187499996 0.8330078125 0.34375 0.826171875 0.35590277812500004
0 0.7412109375 0.34722222187499996 0.734375 0.35590277812500004 0.734375 0.3697916671875 0.7373046875 0.375 0.765625 0.3732638890625 0.7802734375 0.3645833328125 0.783203125 0.35243055624999997 0.7783203125 0.34375 0.7548828125 0.34375 0.7529296875 0.34722222187499996 0.7412109375 0.34722222187499996
0 0.654296875 0.359375 0.6591796875 0.36805555624999997 0.6689453125 0.375 0.6953125 0.3732638890625 0.69921875 0.3697916671875 0.701171875 0.35590277812500004 0.6904296875 0.34375 0.6630859375 0.34027777812500004 0.654296875 0.35243055624999997 0.654296875 0.359375
0 0.5732421875 0.3611111109375 0.5869140625 0.36805555624999997 0.609375 0.36631944375000003 0.619140625 0.35243055624999997 0.6171875 0.3420138890625 0.6103515625 0.3333333328125 0.5771484375 0.3333333328125 0.5703125 0.3420138890625 0.5732421875 0.3611111109375
0 0.470703125 0.35243055624999997 0.4775390625 0.3611111109375 0.517578125 0.359375 0.5234375 0.35590277812500004 0.5234375 0.3454861109375 0.5126953125 0.3333333328125 0.4833984375 0.3298611109375 0.470703125 0.3420138890625 0.470703125 0.35243055624999997
0 0.3994140625 0.3263888890625 0.3818359375 0.3298611109375 0.375 0.3420138890625 0.375 0.35590277812500004 0.3798828125 0.3645833328125 0.419921875 0.36284722187499996 0.42578125 0.35590277812500004 0.42578125 0.3454861109375 0.4189453125 0.3333333328125 0.4130859375 0.3298611109375 0.4013671875 0.3298611109375 0.3994140625 0.3263888890625
0 0.279296875 0.35590277812500004 0.2822265625 0.3611111109375 0.310546875 0.359375 0.32421875 0.35243055624999997 0.32421875 0.3385416671875 0.3193359375 0.3298611109375 0.2880859375 0.3333333328125 0.279296875 0.3454861109375 0.279296875 0.35590277812500004
0 0.2060546875 0.3298611109375 0.2001953125 0.3333333328125 0.189453125 0.35243055624999997 0.1943359375 0.3645833328125 0.228515625 0.36284722187499996 0.2353515625 0.3611111109375 0.2421875 0.35243055624999997 0.2421875 0.3385416671875 0.2392578125 0.3333333328125 0.2333984375 0.3298611109375 0.2060546875 0.3298611109375
0 0.109375 0.3420138890625 0.111328125 0.35243055624999997 0.1162109375 0.3576388890625 0.1240234375 0.3611111109375 0.146484375 0.359375 0.150390625 0.35243055624999997 0.150390625 0.3420138890625 0.1416015625 0.3298611109375 0.1318359375 0.3263888890625 0.1162109375 0.3298611109375 0.109375 0.3420138890625
0 0.041015625 0.3489583328125 0.0439453125 0.3541666671875 0.0517578125 0.3576388890625 0.072265625 0.35590277812500004 0.080078125 0.3489583328125 0.080078125 0.33506944375000003 0.0732421875 0.3263888890625 0.0517578125 0.3263888890625 0.041015625 0.3385416671875 0.041015625 0.3489583328125
0 0.033203125 0.8697916671874999 0.033203125 0.8802083328125001 0.0361328125 0.8854166671874999 0.0400390625 0.8888888890625 0.048828125 0.887152778125 0.0625 0.8663194437499999 0.064453125 0.8489583328125001 0.0595703125 0.840277778125 0.0498046875 0.840277778125 0.0419921875 0.847222221875 0.033203125 0.8697916671874999
0 0.072265625 0.7725694437499999 0.06640625 0.793402778125 0.0693359375 0.8055555562500001 0.080078125 0.8038194437499999 0.09765625 0.769097221875 0.09765625 0.7552083328125 0.0947265625 0.75 0.0888671875 0.75 0.0810546875 0.7569444437499999 0.072265625 0.7725694437499999
0 0.10546875 0.6927083328125 0.10546875 0.7100694437499999 0.1083984375 0.715277778125 0.119140625 0.7135416671875 0.1279296875 0.7048611109375 0.138671875 0.6822916671875 0.138671875 0.668402778125 0.1337890625 0.659722221875 0.1181640625 0.6666666671875 0.10546875 0.6927083328125
0 0.1591796875 0.6076388890625 0.15625 0.6267361109375 0.1630859375 0.6354166671875 0.169921875 0.6336805562500001 0.1806640625 0.6319444437499999 0.1923828125 0.621527778125 0.1953125 0.609375 0.1884765625 0.6006944437499999 0.1708984375 0.6006944437499999 0.1591796875 0.6076388890625
0 0.212890625 0.6649305562500001 0.2275390625 0.6875 0.2333984375 0.690972221875 0.24609375 0.6892361109375 0.248046875 0.6822916671875 0.24609375 0.671875 0.2294921875 0.6458333328125 0.2177734375 0.6423611109375 0.212890625 0.6510416671875 0.212890625 0.6649305562500001
0 0.263671875 0.7274305562500001 0.265625 0.7482638890625 0.2802734375 0.7743055562500001 0.2841796875 0.777777778125 0.29296875 0.7760416671875 0.294921875 0.7725694437499999 0.294921875 0.7552083328125 0.287109375 0.734375 0.2763671875 0.71875 0.2666015625 0.71875 0.263671875 0.7274305562500001
0 0.3173828125 0.8680555562500001 0.3251953125 0.875 0.33984375 0.8732638890625 0.341796875 0.855902778125 0.3291015625 0.8333333328125001 0.3154296875 0.8229166671874999 0.306640625 0.828125 0.3046875 0.8420138890625 0.3173828125 0.8680555562500001
0 0.3876953125 0.878472221875 0.3779296875 0.878472221875 0.369140625 0.887152778125 0.3671875 0.8975694437499999 0.3720703125 0.909722221875 0.3759765625 0.9131944437499999 0.396484375 0.9114583328125001 0.4052734375 0.90625 0.41015625 0.8975694437499999 0.41015625 0.887152778125 0.4072265625 0.8819444437499999 0.3896484375 0.875 0.3876953125 0.878472221875
0 0.43359375 0.8350694437499999 0.43359375 0.8420138890625 0.4384765625 0.8506944437499999 0.447265625 0.8489583328125001 0.4580078125 0.8368055562500001 0.462890625 0.824652778125 0.46484375 0.800347221875 0.4619140625 0.7951388890625 0.4541015625 0.7986111109375 0.43359375 0.8350694437499999
0 0.4931640625 0.6875 0.47265625 0.7274305562500001 0.470703125 0.737847221875 0.4755859375 0.75 0.48828125 0.7482638890625 0.4970703125 0.7395833328125 0.5078125 0.7170138890625 0.509765625 0.7100694437499999 0.5087890625 0.684027778125 0.5009765625 0.6805555562500001 0.4931640625 0.6875
0 0.5283203125 0.6145833328125 0.525390625 0.6336805562500001 0.5322265625 0.6423611109375 0.537109375 0.640625 0.5615234375 0.625 0.56640625 0.6163194437499999 0.56640625 0.609375 0.5634765625 0.6041666671875 0.5439453125 0.6041666671875 0.5283203125 0.6145833328125
0 0.6064453125 0.6388888890625 0.6220703125 0.65625 0.640625 0.6545138890625 0.642578125 0.644097221875 0.6337890625 0.625 0.6240234375 0.6180555562500001 0.6064453125 0.6180555562500001 0.603515625 0.6267361109375 0.6064453125 0.6388888890625
0 0.69921875 0.855902778125 0.7041015625 0.8680555562500001 0.7197265625 0.8923611109375 0.7275390625 0.8993055562500001 0.734375 0.8975694437499999 0.736328125 0.8836805562500001 0.732421875 0.8697916671874999 0.7158203125 0.840277778125 0.7021484375 0.8368055562500001 0.69921875 0.8420138890625 0.69921875 0.855902778125
0 0.7705078125 0.9166666671874999 0.76171875 0.9288194437499999 0.76171875 0.9357638890625 0.7705078125 0.9479166671874999 0.7890625 0.949652778125 0.8037109375 0.9444444437499999 0.80859375 0.9357638890625 0.80859375 0.9288194437499999 0.8037109375 0.9201388890625 0.7958984375 0.9166666671874999 0.7705078125 0.9166666671874999
0 0.666015625 0.7135416671875 0.666015625 0.730902778125 0.671875 0.7517361109375 0.6845703125 0.7743055562500001 0.6884765625 0.777777778125 0.6953125 0.7760416671875 0.697265625 0.7725694437499999 0.697265625 0.7517361109375 0.693359375 0.737847221875 0.6767578125 0.7083333328125 0.6689453125 0.7083333328125 0.666015625 0.7135416671875
0 0.8505859375 0.8576388890625 0.83203125 0.894097221875 0.83203125 0.9010416671874999 0.8369140625 0.909722221875 0.845703125 0.9079861109375 0.8544921875 0.8993055562500001 0.865234375 0.8802083328125001 0.869140625 0.859375 0.8642578125 0.8506944437499999 0.8583984375 0.8506944437499999 0.8505859375 0.8576388890625
0 0.9072265625 0.71875 0.896484375 0.737847221875 0.890625 0.7586805562500001 0.87890625 0.7829861109375 0.8798828125 0.7951388890625 0.8837890625 0.7986111109375 0.890625 0.796875 0.8984375 0.7864583328125 0.904296875 0.765625 0.9140625 0.7447916671875 0.916015625 0.7274305562500001 0.9111328125 0.71875 0.9072265625 0.71875
0 0.923828125 0.640625 0.921875 0.6545138890625 0.9267578125 0.6631944437499999 0.93359375 0.6614583328125 0.958984375 0.6163194437499999 0.958984375 0.6024305562500001 0.9560546875 0.597222221875 0.9521484375 0.59375 0.9443359375 0.6006944437499999 0.923828125 0.640625