0 0.087890625 0.1274414046875 0.07519531406249999 0.1201171875 0.03515625 0.1333007796875 0.038085935937499996 0.1435546875 0.06640625 0.1420898453125 0.08496093593750001 0.1376953125 0.087890625 0.1274414046875
0 0.1591796859375 0.1171875 0.1279296859375 0.1142578125 0.125 0.12158202968750001 0.1298828140625 0.140625 0.16015625 0.1391601546875 0.1640625 0.12451172031249999 0.1591796859375 0.1171875
0 0.2490234359375 0.1171875 0.2197265640625 0.1171875 0.203125 0.1274414046875 0.2060546859375 0.146484375 0.240234375 0.1450195296875 0.25390625 0.1333007796875 0.2490234359375 0.1171875
0 0.287109375 0.12158202968750001 0.2900390640625 0.1376953125 0.3203125 0.1362304703125 0.326171875 0.1333007796875 0.3251953140625 0.1201171875 0.287109375 0.12158202968750001
0 0.361328125 0.12451172031249999 0.3662109359375 0.134765625 0.3828125 0.1333007796875 0.40625 0.12158202968750001 0.3896484359375 0.111328125 0.361328125 0.12451172031249999
0 0.49609375 0.12158202968750001 0.4873046859375 0.1142578125 0.4453125 0.12158202968750001 0.4521484359375 0.1376953125 0.474609375 0.1362304703125 0.4892578140625 0.134765625 0.49609375 0.12158202968750001
0 0.533203125 0.11572265468750001 0.5361328140625 0.134765625 0.568359375 0.1333007796875 0.57421875 0.1274414046875 0.5712890640625 0.1171875 0.533203125 0.11572265468750001
0 0.607421875 0.12451172031249999 0.6123046859375 0.140625 0.646484375 0.1391601546875 0.65625 0.1333007796875 0.6533203140625 0.1201171875 0.607421875 0.12451172031249999
0 0.6953125 0.12451172031249999 0.6982421859375 0.134765625 0.724609375 0.1333007796875 0.734375 0.12451172031249999 0.7314453140625 0.1142578125 0.6953125 0.12451172031249999
0 0.775390625 0.12158202968750001 0.7783203140625 0.134765625 0.8125 0.1333007796875 0.81640625 0.12158202968750001 0.8115234359375 0.1171875 0.775390625 0.12158202968750001
0 0.853515625 0.12158202968750001 0.8642578140625 0.1376953125 0.888671875 0.1362304703125 0.896484375 0.12158202968750001 0.8857421859375 0.1142578125 0.853515625 0.12158202968750001
0 0.9453125 0.11572265468750001 0.9521484359375 0.12890625 0.974609375 0.1303710953125 0.984375 0.11865234531249999 0.9716796859375 0.111328125 0.9453125 0.11572265468750001
0 0.03125 0.3676757796875 0.034179685937499996 0.38671875 0.078125 0.3852539046875 0.10644531406249999 0.3837890625 0.109375 0.3706054703125 0.03125 0.3676757796875
0 0.18359375 0.3647460953125 0.1884765640625 0.380859375 0.2265625 0.3793945296875 0.2734375 0.3706054703125 0.2626953140625 0.357421875 0.18359375 0.3647460953125
0 0.3515625 0.3618164046875 0.3564453140625 0.375 0.42578125 0.3764648453125 0.431640625 0.3676757796875 0.4248046859375 0.3603515625 0.3515625 0.3618164046875
0 0.505859375 0.3647460953125 0.5087890640625 0.3779296875 0.5859375 0.3764648453125 0.591796875 0.3676757796875 0.5849609359375 0.3603515625 0.505859375 0.3647460953125
0 0.7490234359375 0.36328125 0.673828125 0.3676757796875 0.6767578140625 0.380859375 0.6865234359375 0.3837890625 0.73828125 0.3823242203125 0.755859375 0.3735351546875 0.7490234359375 0.36328125
0 0.9111328140625 0.3779296875 0.916015625 0.3676757796875 0.9111328140625 0.3603515625 0.8486328140625 0.3603515625 0.84375 0.3706054703125 0.8466796859375 0.3779296875 0.875 0.3793945296875 0.9111328140625 0.3779296875
0 1 0.3588867203125 0.9912109359375 0.357421875 0.986328125 0.3706054703125 1 0.3793945296875 1 0.3588867203125
0 0 0.6166992203125 0.0029296859375 0.626953125 0.03125 0.6284179703125 0.03515625 0.6196289046875 0.0302734359375 0.6123046875 0 0.6166992203125
0 0.0390625 0.6225585953125 0.041992185937499996 0.6298828125 0.0703125 0.6284179703125 0.080078125 0.6225585953125 0.07324218593750001 0.615234375 0.0390625 0.6225585953125
0 0.123046875 0.6254882796875 0.12207031406249999 0.6123046875 0.08886718593750001 0.6123046875 0.080078125 0.6225585953125 0.123046875 0.6254882796875
0 0.166015625 0.6254882796875 0.1650390640625 0.615234375 0.125 0.6166992203125 0.1259765640625 0.626953125 0.166015625 0.6254882796875
0 0.1796875 0.6284179703125 0.2001953140625 0.6240234375 0.205078125 0.6137695296875 0.166015625 0.6196289046875 0.1796875 0.6284179703125
0 0.208984375 0.6108398453125 0.2177734359375 0.626953125 0.240234375 0.6254882796875 0.2421875 0.6137695296875 0.2353515640625 0.609375 0.208984375 0.6108398453125
0 0.2890625 0.6108398453125 0.2568359359375 0.6064453125 0.244140625 0.6137695296875 0.2470703140625 0.626953125 0.26953125 0.6254882796875 0.2861328140625 0.62109375 0.2890625 0.6108398453125
0 0.330078125 0.6225585953125 0.3193359359375 0.6064453125 0.2939453140625 0.6064453125 0.29424597812500003 0.619013315625 0.330078125 0.6225585953125
0 0.330078125 0.6137695296875 0.3349609359375 0.626953125 0.36328125 0.6254882796875 0.373046875 0.6196289046875 0.3662109359375 0.6064453125 0.330078125 0.6137695296875
0 0.421875 0.6108398453125 0.3837890640625 0.6064453125 0.375 0.6137695296875 0.3779296859375 0.6240234375 0.3984375 0.6254882796875 0.4208984359375 0.6240234375 0.421875 0.6108398453125
0 0.4609375 0.6254882796875 0.4560546859375 0.6123046875 0.421875 0.6137695296875 0.4345703140625 0.626953125 0.4609375 0.6254882796875
0 0.4908617515625 0.6284179703125 0.48873553437500006 0.614310215625 0.4557055015625 0.6137695296875 0.4586351890625 0.626953125 0.4908617515625 0.6284179703125
0 0.5 0.6166992203125 0.5068359359375 0.6298828125 0.525390625 0.6284179703125 0.53125 0.6254882796875 0.5283203140625 0.6123046875 0.5 0.6166992203125
0 0.5537109359375 0.609375 0.5234375 0.6196289046875 0.546875 0.6284179703125 0.5673828140625 0.626953125 0.572265625 0.6137695296875 0.5537109359375 0.609375
0 0.60546875 0.6254882796875 0.6025390640625 0.609375 0.576171875 0.6137695296875 0.5810546859375 0.626953125 0.60546875 0.6254882796875
0 0.65234375 0.6254882796875 0.6494140640625 0.609375 0.615234375 0.6166992203125 0.6181640640625 0.626953125 0.65234375 0.6254882796875
0 0.658203125 0.6196289046875 0.6630859359375 0.6328125 0.693359375 0.6313476546875 0.69921875 0.6284179703125 0.6982421859375 0.6181640625 0.658203125 0.6196289046875
0 0.728515625 0.6313476546875 0.7353515640625 0.6181640625 0.705078125 0.6225585953125 0.7138671859375 0.6328125 0.728515625 0.6313476546875
0 0.7421875 0.6196289046875 0.7470703140625 0.6298828125 0.779296875 0.6284179703125 0.783203125 0.6196289046875 0.7783203140625 0.615234375 0.7421875 0.6196289046875
0 0.822265625 0.6342773453125 0.8212890640625 0.62109375 0.7890625 0.6254882796875 0.7978515640625 0.6357421875 0.822265625 0.6342773453125
0 0.8466796859375 0.615234375 0.828125 0.6284179703125 0.84375 0.6342773453125 0.8583984359375 0.6298828125 0.861328125 0.6196289046875 0.8466796859375 0.615234375
0 0.865234375 0.6137695296875 0.8642578140625 0.6328125 0.88671875 0.6342773453125 0.89453125 0.6284179703125 0.8896484359375 0.615234375 0.865234375 0.6137695296875
0 0.9189453140625 0.6123046875 0.896484375 0.6225585953125 0.912109375 0.6313476546875 0.9306640640625 0.626953125 0.935546875 0.6166992203125 0.9189453140625 0.6123046875
0 0.9765625 0.6254882796875 0.9736328140625 0.6123046875 0.9375 0.6166992203125 0.9404296859375 0.626953125 0.9765625 0.6254882796875
0 1 0.6372070296875 0.9990234359375 0.615234375 0.986328125 0.6225585953125 0.9873046859375 0.6328125 1 0.6372070296875