0 1 0.19686681718750002 0.9990234390625 0.179319371875 0.935546875 0.1779695703125 0.9296875 0.188768 0.9521484390625 0.20361583749999998 1 0.19686681718750002
0 0.873046875 0.17257035625 0.8623046890625 0.19551701562499998 0.9072265609375 0.20361583749999998 0.91796875 0.188768 0.873046875 0.17257035625
0 0.8046875 0.167171140625 0.787109375 0.18606838750000002 0.849609375 0.188768 0.8427734390625 0.17122055 0.8046875 0.167171140625
0 0.783203125 0.1833687859375 0.74609375 0.1617719265625 0.7265625 0.1833687859375 0.783203125 0.1833687859375
0 0.669921875 0.1617719265625 0.650390625 0.1779695703125 0.71484375 0.1833687859375 0.7080078109375 0.165821334375 0.669921875 0.1617719265625
0 0.58984375 0.1590723140625 0.5869140609375 0.179319371875 0.642578125 0.1779695703125 0.6240234390625 0.1577225125 0.58984375 0.1590723140625
0 0.55540764375 0.1556466234375 0.53899060625 0.1573912625 0.5263620687499999 0.160880534375 0.5162592 0.180071953125 0.5680361781250001 0.17658254375 0.5672348781250001 0.15968586406250002 0.55540764375 0.1556466234375
0 0.49984206875000003 0.1643699421875 0.4884764625 0.1573912625 0.4733221625 0.1591358953125 0.4619564625 0.1643699421875 0.45059085625 0.180071953125 0.5088384125000001 0.18150086875 0.49984206875000003 0.1643699421875
0 0.43465912187500005 0.1705933671875 0.41901951875 0.1591358953125 0.40386521562500005 0.153901984375 0.38492241250000003 0.162625309375 0.372293878125 0.1643699421875 0.372293878125 0.1818165921875 0.43543655625 0.18879527812500002 0.43465912187500005 0.1705933671875
0 0.36363639375 0.16404886406250002 0.34324830624999997 0.1591358953125 0.32809400312500003 0.1556466234375 0.317991234375 0.160880534375 0.29904843125 0.1678592203125 0.300311265625 0.18530586875 0.362191109375 0.18879527812500002 0.36363639375 0.16404886406250002
0 0.24727145468749998 0.1940291890625 0.257374128125 0.1940291890625 0.26873992812499997 0.1940291890625 0.28768273125 0.18879527812500002 0.28787881875 0.1684118640625 0.26747699687500004 0.1591358953125 0.25358572343749997 0.1591358953125 0.238431325 0.162625309375 0.229591390625 0.1730932671875 0.2270657203125 0.190539915625 0.23590565937500002 0.1922845546875 0.24727145468749998 0.1940291890625
0 0.17276298125 0.18705050781250002 0.1879171859375 0.1940291890625 0.2018086515625 0.1957738265625 0.2144371859375 0.1940291890625 0.22790406875000002 0.18804537187499998 0.22201438593749998 0.1730932671875 0.213174253125 0.162625309375 0.19802005312499998 0.1556466234375 0.1816029171875 0.160880534375 0.16518597343750002 0.1643699421875 0.1626601140625 0.1835612296875 0.17276298125 0.18705050781250002
0 0.0944660984375 0.1940291890625 0.10709463593749999 0.1940291890625 0.1222488375 0.1975186015625 0.1323517046875 0.1940291890625 0.1521464921875 0.18150086875 0.15382017812499998 0.1643699421875 0.13614030625 0.1591358953125 0.1184602390625 0.1591358953125 0.10204329999999999 0.1591358953125 0.0906775 0.16611458125 0.0755232953125 0.1730932671875 0.08436323125 0.1818165921875 0.0944660984375 0.1940291890625
0 0 0.17658254375 0.001015015625 0.190539915625 0.013643549999999999 0.1940291890625 0.028797753125 0.1940291890625 0.0502662265625 0.18879527812500002 0.0628947609375 0.18879527812500002 0.0653409390625 0.17495636718750002 0.05279189375 0.162625309375 0.042689026562499996 0.1573912625 0.022483484375 0.1573912625 0.00859201875 0.1573912625 0 0.1643699421875 0 0.17658254375
0 0.40639098125000006 0.4330482625 0.4094065953125 0.419284465625 0.393762446875 0.3964101984375 0.3735567125 0.40687829375 0.355876840625 0.41734631875000006 0.35840231875 0.438282309375 0.3735567125 0.4417715859375 0.39123668125 0.4365376078125 0.40639098125000006 0.4330482625
0 0.3104140375 0.44526093125 0.324305503125 0.44700563281249994 0.344511140625 0.44002681718750003 0.3573232609375 0.44109947656250004 0.354613909375 0.4138568484375 0.34829964375 0.4103676390625 0.339459515625 0.4103676390625 0.317991234375 0.4138568484375 0.306625534375 0.42606964375 0.301573909375 0.4365376078125 0.3104140375 0.44526093125
0 0.256111390625 0.45049491093749994 0.2662142578125 0.4522396171875 0.28768273125 0.448750271875 0.30366164375000004 0.44764397968749997 0.3154654703125 0.44700563281249994 0.307888175 0.42432494218750005 0.291471234375 0.4138568484375 0.273791265625 0.4156016171875 0.2523227921875 0.4313034921875 0.2460085265625 0.44351629375 0.256111390625 0.45049491093749994
0 0.2018086515625 0.4557289578125 0.23085432187500002 0.4539842515625 0.2500000296875 0.4498254765625 0.25358572343749997 0.42258016718749997 0.24348285625 0.41211234062499996 0.229591390625 0.4138568484375 0.19802005312499998 0.42432494218750005 0.186654446875 0.4365376078125 0.1879171859375 0.4522396171875 0.2018086515625 0.4557289578125
0 0.13992890468750002 0.45049491093749994 0.161397375 0.448750271875 0.18686871562500001 0.45200697968750003 0.1891801140625 0.42258016718749997 0.17907725000000002 0.41734631875000006 0.1512945078125 0.4190909578125 0.1374030421875 0.42258016718749997 0.12856310625 0.438282309375 0.12477450781249999 0.4522396171875 0.13992890468750002 0.45049491093749994
0 0.061631829687499994 0.4592182359375 0.0818375640625 0.4609629375 0.098254696875 0.4592182359375 0.12373740156249999 0.45200697968750003 0.12730036718749999 0.42258016718749997 0.1222488375 0.41734631875000006 0.098254696875 0.41734631875000006 0.072997628125 0.420835665625 0.059106162500000003 0.4330482625 0.057843425000000004 0.44700563281249994 0.061631829687499994 0.4592182359375
0 0.062184371875 0.460732984375 0.060369090624999996 0.41734631875000006 0.047740556249999996 0.4103676390625 0.0123806171875 0.41211234062499996 0 0.4295589890625 0.0035406812500000003 0.448750271875 0.028797753125 0.457473596875 0.062184371875 0.460732984375