0 0.5869140625 0.6292114234375 0.5273437515625 0.6301923484375 0.5185546890625 0.633135115625 0.515625 0.6380397234374999 0.515625 0.647848946875 0.5224609375 0.6547154015625 0.5927734359375 0.6547154015625 0.6015624984375 0.647848946875 0.5996093734375 0.6341160359375 0.5869140625 0.6292114234375
0 0.4755859375 0.6311732671875 0.4101562484375 0.6301923484375 0.3994140625 0.633135115625 0.3945312484375 0.640001571875 0.3964843734375 0.6498107906249999 0.4072265640625 0.6566772453125 0.4697265640625 0.6566772453125 0.482421875 0.647848946875 0.482421875 0.6380397234374999 0.4755859375 0.6311732671875
0 0.3525390625 0.6311732671875 0.2890624984375 0.6321541921875 0.2822265640625 0.633135115625 0.2753906265625 0.641963415625 0.279296875 0.653734478125 0.2880859375 0.6586390890625 0.3525390625 0.6586390890625 0.3632812484375 0.6498107906249999 0.361328125 0.6360778796875 0.3525390625 0.6311732671875
0 0.46875 0.34376307968750003 0.4638671859375 0.33493478125 0.451171875 0.3339538578125 0.4453124984375 0.3418012359375 0.4453124984375 0.3496486109375 0.453125 0.396732875 0.4619140625 0.40948486093750003 0.4697265640625 0.40948486093750003 0.4765624984375 0.40261840624999995 0.4765624984375 0.3849618078125 0.46875 0.34376307968750003
0 0.4160156265625 0.3418012359375 0.4052734359375 0.33493478125 0.3964843734375 0.3359157015625 0.3486328140625 0.344744 0.3398437515625 0.35161045468749996 0.3398437515625 0.361419678125 0.3486328140625 0.368286134375 0.3583984359375 0.368286134375 0.4111328140625 0.35651506718750003 0.4160156265625 0.35161045468749996 0.4160156265625 0.3418012359375
0 0.3027343734375 0.3418012359375 0.2958984359375 0.33493478125 0.2871093734375 0.3339538578125 0.279296875 0.33787754531249997 0.279296875 0.3496486109375 0.283203125 0.35749599062500004 0.3154296890625 0.39967564218749996 0.3271484359375 0.39967564218749996 0.3339843734375 0.39084734375 0.328125 0.3751525890625 0.3027343734375 0.3418012359375
0 0.1875 0.369267053125 0.1904296890625 0.38594273281249997 0.2041015640625 0.38594273281249997 0.2460937515625 0.3398393890625 0.2460937515625 0.3261064828125 0.2392578140625 0.3212018703125 0.232421875 0.322182790625 0.1875 0.369267053125
0 0.4345703109375 0.27607945156249997 0.3896484359375 0.266270228125 0.373046875 0.2672511515625 0.3671875015625 0.2711748390625 0.3671875015625 0.2809840625 0.3779296890625 0.28981236093749996 0.4248046890625 0.29962157968750003 0.4365234359375 0.29962157968750003 0.4433593734375 0.29471697343750003 0.4433593734375 0.28294590625 0.4345703109375 0.27607945156249997
0 0.345703125 0.24959455312499998 0.3378906265625 0.204472134375 0.3291015640625 0.193681990625 0.3203124984375 0.19466291093750002 0.314453125 0.200548446875 0.314453125 0.2201668890625 0.3203124984375 0.251556396875 0.3242187515625 0.2652893078125 0.3310546890625 0.27215576406249997 0.3388671859375 0.27215576406249997 0.345703125 0.2652893078125 0.345703125 0.24959455312499998
0 0.421875 0.1868155359375 0.421875 0.173082625 0.4101562484375 0.1671970890625 0.4052734359375 0.1681780140625 0.3964843734375 0.17896815625 0.3789062484375 0.2182050453125 0.376953125 0.2358616421875 0.3837890625 0.24076625468750001 0.3896484359375 0.24076625468750001 0.3984375015625 0.23389979843750003 0.421875 0.1868155359375
0 0.25 0.2750985265625 0.2382812484375 0.28294590625 0.2402343734375 0.29471697343750003 0.2470703109375 0.29962157968750003 0.3095703109375 0.30354527187499997 0.3183593734375 0.2966788171875 0.3183593734375 0.28686959375 0.3056640625 0.2780412953125 0.25 0.2750985265625
0 0.2490234359375 0.1760253921875 0.2431640625 0.1721017015625 0.234375 0.173082625 0.2285156265625 0.17896815625 0.2285156265625 0.1887773796875 0.2382812484375 0.204472134375 0.2646484359375 0.2388044109375 0.2802734359375 0.2388044109375 0.283203125 0.2260524203125 0.2734375015625 0.208395821875 0.2490234359375 0.1760253921875