0 0.1796875015625 0.10839843593750001 0.2099609375 0.10546875156249999 0.2148437515625 0.08886718593750001 0.09277343593750001 0.076171875 0.037109373437499996 0.0869140625 0.0556640625 0.10156249843750001 0.1796875015625 0.10839843593750001
0 0.359375 0.09277343593750001 0.359375 0.1025390625 0.3642578140625 0.107421875 0.3740234359375 0.109375 0.533203125 0.10839843593750001 0.5410156265625 0.1025390625 0.5390624984375 0.09277343593750001 0.5126953109375 0.08398437343750001 0.3994140625 0.08203124843750001 0.3701171859375 0.08593750156249999 0.359375 0.09277343593750001
0 0.6962890625 0.08984375156249999 0.6875 0.09667968906249999 0.689453125 0.10449218593750001 0.7001953109375 0.111328125 0.8222656265625 0.11035156406249999 0.8466796890625 0.10546875156249999 0.8496093734375 0.09472656406249999 0.8427734359375 0.08789062656249999 0.8212890625 0.08398437343750001 0.7177734359375 0.08398437343750001 0.6962890625 0.08984375156249999
0 1 0.08105468906249999 0.9931640625 0.078125 0.9814453109375 0.080078125 0.970703125 0.08886718593750001 0.9628906265625 0.10449218593750001 0.9794921859375 0.11718750156249999 1 0.1162109375 1 0.08105468906249999
0 0.0527343734375 0.2197265640625 0.0527343734375 0.2333984359375 0.06347656406249999 0.2421875015625 0.11914062656249999 0.2412109375 0.1376953109375 0.236328125 0.138671875 0.2275390625 0.1279296890625 0.220703125 0.08300781406249999 0.2128906265625 0.0595703109375 0.2148437515625 0.0527343734375 0.2197265640625
0 0.1708984359375 0.21875 0.1621093734375 0.2275390625 0.1640624984375 0.2353515640625 0.1748046890625 0.2421875015625 0.205078125 0.2412109375 0.2216796890625 0.2382812484375 0.2285156265625 0.2314453109375 0.2236328140625 0.21875 0.2099609375 0.2148437515625 0.1904296890625 0.2148437515625 0.1708984359375 0.21875
0 0.2753906265625 0.2353515640625 0.2861328140625 0.2421875015625 0.328125 0.2412109375 0.3359375015625 0.2353515640625 0.3359375015625 0.2216796890625 0.3271484359375 0.2128906265625 0.2880859375 0.2128906265625 0.2734375015625 0.2197265640625 0.2753906265625 0.2353515640625
0 0.3857421859375 0.2148437515625 0.376953125 0.2197265640625 0.373046875 0.2314453109375 0.3779296890625 0.2421875015625 0.4013671859375 0.248046875 0.4160156265625 0.2470703109375 0.4248046890625 0.2460937515625 0.4296875015625 0.2412109375 0.4296875015625 0.2236328140625 0.4248046890625 0.21875 0.4111328140625 0.2148437515625 0.3857421859375 0.2148437515625
0 0.482421875 0.2216796890625 0.4785156265625 0.2353515640625 0.4833984359375 0.2421875015625 0.5029296890625 0.2460937515625 0.517578125 0.2451171859375 0.53125 0.2412109375 0.533203125 0.2314453109375 0.5302734359375 0.2265624984375 0.5048828140625 0.216796875 0.4892578140625 0.216796875 0.482421875 0.2216796890625
0 0.5888671859375 0.232421875 0.5722656265625 0.2392578140625 0.5703124984375 0.2470703109375 0.5791015640625 0.2558593734375 0.6015624984375 0.2607421859375 0.6220703109375 0.2558593734375 0.6308593734375 0.2470703109375 0.6308593734375 0.2412109375 0.6240234359375 0.234375 0.6162109375 0.232421875 0.5888671859375 0.232421875
0 0.6640624984375 0.2392578140625 0.6640624984375 0.2490234359375 0.6748046890625 0.2578124984375 0.6904296890625 0.2617187515625 0.7109375015625 0.2607421859375 0.7158203109375 0.2597656265625 0.7226562484375 0.2490234359375 0.7226562484375 0.2431640625 0.7138671859375 0.234375 0.6708984359375 0.234375 0.6640624984375 0.2392578140625
0 0.765625 0.2568359375 0.7763671859375 0.263671875 0.8164062484375 0.2626953109375 0.8242187515625 0.2568359375 0.8242187515625 0.2431640625 0.8173828140625 0.236328125 0.7783203109375 0.232421875 0.765625 0.2392578140625 0.765625 0.2568359375
0 0.8623046890625 0.2382812484375 0.8554687515625 0.2451171859375 0.857421875 0.2568359375 0.8662109375 0.2617187515625 0.8779296890625 0.265625 0.8984375015625 0.2646484359375 0.9052734359375 0.263671875 0.9140624984375 0.2509765640625 0.9121093734375 0.2431640625 0.9033203109375 0.234375 0.8779296890625 0.232421875 0.8623046890625 0.2382812484375
0 1 0.2705078140625 0.9990234359375 0.2402343734375 0.9638671859375 0.2421875015625 0.953125 0.2529296890625 0.953125 0.2626953109375 0.9619140625 0.2695312484375 1 0.2705078140625
0 0.07226562656249999 0.3955078140625 0.080078125 0.3916015640625 0.080078125 0.3759765640625 0.07714843593750001 0.373046875 0 0.3759765640625 0.0009765640625 0.3945312484375 0.07226562656249999 0.3955078140625
0 0.07519531093750001 0.3710937515625 0.07226562656249999 0.3740234359375 0.07714843593750001 0.392578125 0.1484375015625 0.3916015640625 0.15625 0.3857421859375 0.1484375015625 0.3837890625 0.1494140625 0.3789062484375 0.15625 0.3779296890625 0.1533203109375 0.373046875 0.07519531093750001 0.3710937515625
0 0.1445312484375 0.3916015640625 0.1494140625 0.3945312484375 0.2148437515625 0.3935546890625 0.21875 0.3896484359375 0.21875 0.3759765640625 0.2158203109375 0.373046875 0.1494140625 0.373046875 0.1445312484375 0.3759765640625 0.1445312484375 0.3916015640625
0 0.205078125 0.3759765640625 0.205078125 0.3896484359375 0.201171875 0.3916015640625 0.2353515640625 0.4003906265625 0.267578125 0.3994140625 0.2734375015625 0.3916015640625 0.2734375015625 0.3798828140625 0.2666015640625 0.375 0.2470703109375 0.3710937515625 0.2099609375 0.373046875 0.205078125 0.3759765640625
0 0.2597656265625 0.3974609375 0.2626953109375 0.4003906265625 0.2978515640625 0.404296875 0.330078125 0.4033203109375 0.3339843734375 0.3994140625 0.3359375015625 0.3857421859375 0.3271484359375 0.3808593734375 0.2744140625 0.375 0.2617187515625 0.3779296890625 0.2597656265625 0.3974609375
0 0.3339843734375 0.3837890625 0.3408203109375 0.4023437515625 0.3720703109375 0.408203125 0.390625 0.4072265640625 0.4033203109375 0.40625 0.408203125 0.4013671859375 0.4101562484375 0.3916015640625 0.4052734359375 0.3847656265625 0.3486328140625 0.3808593734375 0.3339843734375 0.3837890625
0 0.392578125 0.3896484359375 0.392578125 0.4013671859375 0.3994140625 0.408203125 0.453125 0.4091796890625 0.46875 0.4052734359375 0.470703125 0.3896484359375 0.4658203109375 0.3847656265625 0.4130859375 0.3828124984375 0.3994140625 0.3847656265625 0.392578125 0.3896484359375
0 0.4560546890625 0.408203125 0.5 0.4091796890625 0.5185546890625 0.40625 0.5214843734375 0.3896484359375 0.4912109375 0.3828124984375 0.453125 0.3857421859375 0.453125 0.4033203109375 0.4560546890625 0.408203125
0 0.498046875 0.4033203109375 0.5029296890625 0.408203125 0.5703124984375 0.4091796890625 0.5820312484375 0.4072265640625 0.5810546890625 0.388671875 0.5654296890625 0.3847656265625 0.5029296890625 0.3847656265625 0.5 0.3876953109375 0.498046875 0.4033203109375
0 0.5673828140625 0.408203125 0.5966796890625 0.4140624984375 0.625 0.4130859375 0.642578125 0.4072265640625 0.6416015640625 0.390625 0.6259765640625 0.3867187515625 0.5771484359375 0.3867187515625 0.5664062484375 0.3916015640625 0.5673828140625 0.408203125
0 0.638671875 0.3994140625 0.6357421859375 0.4121093734375 0.6777343734375 0.4130859375 0.689453125 0.4111328140625 0.689453125 0.3916015640625 0.6845703109375 0.3867187515625 0.6416015640625 0.3867187515625 0.6367187515625 0.3916015640625 0.638671875 0.3994140625
0 0.6865234359375 0.3867187515625 0.671875 0.3916015640625 0.671875 0.4072265640625 0.6748046890625 0.4101562484375 0.734375 0.4130859375 0.7421875015625 0.4111328140625 0.7421875015625 0.4072265640625 0.736328125 0.4033203109375 0.7402343734375 0.4013671859375 0.7412109375 0.390625 0.6865234359375 0.3867187515625
0 0.7216796890625 0.4140624984375 0.794921875 0.4130859375 0.7890624984375 0.4033203109375 0.7910156265625 0.3974609375 0.7822265640625 0.390625 0.71875 0.3896484359375 0.716796875 0.4111328140625 0.7216796890625 0.4140624984375
0 0.7734375015625 0.4072265640625 0.7734375015625 0.4111328140625 0.7822265640625 0.4160156265625 0.8398437515625 0.4169921859375 0.8486328140625 0.4160156265625 0.8535156265625 0.4111328140625 0.8535156265625 0.3994140625 0.8388671859375 0.392578125 0.7822265640625 0.390625 0.7734375015625 0.4072265640625
0 0.8447265640625 0.392578125 0.8359375015625 0.3994140625 0.8359375015625 0.4111328140625 0.8408203109375 0.4160156265625 0.875 0.4169921859375 0.9052734359375 0.4160156265625 0.9101562484375 0.4130859375 0.9101562484375 0.3994140625 0.9013671859375 0.3945312484375 0.8681640625 0.390625 0.8447265640625 0.392578125
0 0.8847656265625 0.4072265640625 0.8896484359375 0.4160156265625 0.9492187515625 0.4189453109375 0.9697265640625 0.4160156265625 0.9726562484375 0.4111328140625 0.970703125 0.4013671859375 0.9521484359375 0.3964843734375 0.8916015640625 0.3945312484375 0.8847656265625 0.4072265640625
0 0.9990234359375 0.3984375015625 0.953125 0.3994140625 0.953125 0.4169921859375 0.9560546890625 0.419921875 1 0.4228515640625 0.9990234359375 0.3984375015625
0 0 0.6904296890625 0.0009765640625 0.7148437515625 0.0068359375 0.7148437515625 0.0244140625 0.7265624984375 0.042968751562500004 0.7275390625 0.0546875015625 0.7216796890625 0.0546875015625 0.7158203109375 0.047851564062500004 0.7089843734375 0.0302734359375 0.703125 0.016601564062499997 0.6933593734375 0 0.6904296890625
0 0.06347656406249999 0.6660156265625 0.0507812484375 0.6728515640625 0.0566406265625 0.6884765640625 0.0712890625 0.6972656265625 0.1005859375 0.7246093734375 0.11230468906249999 0.7285156265625 0.126953125 0.7275390625 0.1308593734375 0.7255859375 0.1308593734375 0.7138671859375 0.125 0.7060546890625 0.1025390625 0.6933593734375 0.08300781406249999 0.673828125 0.06347656406249999 0.6660156265625
0 0.142578125 0.6708984359375 0.142578125 0.6845703109375 0.1669921859375 0.7109375015625 0.1904296890625 0.7265624984375 0.2109375015625 0.7275390625 0.21875 0.7197265640625 0.2138671859375 0.7089843734375 0.1884765640625 0.6953124984375 0.1767578140625 0.6816406265625 0.1533203109375 0.6679687515625 0.142578125 0.6708984359375
0 0.2294921859375 0.6660156265625 0.220703125 0.6708984359375 0.2265624984375 0.6884765640625 0.2451171859375 0.701171875 0.2666015640625 0.7246093734375 0.2783203109375 0.7285156265625 0.2910156265625 0.7275390625 0.296875 0.7236328140625 0.294921875 0.7138671859375 0.2802734359375 0.701171875 0.2666015640625 0.6953124984375 0.2470703109375 0.673828125 0.2294921859375 0.6660156265625
0 0.298828125 0.6845703109375 0.3232421859375 0.703125 0.3505859375 0.7148437515625 0.3691406265625 0.7138671859375 0.375 0.7080078140625 0.3681640625 0.6992187515625 0.3271484359375 0.673828125 0.3115234359375 0.671875 0.298828125 0.6767578140625 0.298828125 0.6845703109375
0 0.3828124984375 0.6708984359375 0.3847656265625 0.6845703109375 0.3955078140625 0.6953124984375 0.4228515640625 0.7070312484375 0.4345703109375 0.716796875 0.453125 0.7177734359375 0.4589843734375 0.7119140625 0.4570312484375 0.7060546890625 0.4404296890625 0.6953124984375 0.4267578140625 0.6796875015625 0.3935546890625 0.6660156265625 0.3828124984375 0.6708984359375
0 0.4726562484375 0.6826171859375 0.4726562484375 0.6904296890625 0.4794921859375 0.6972656265625 0.5244140625 0.7226562484375 0.5371093734375 0.7236328140625 0.546875 0.7177734359375 0.544921875 0.7099609375 0.5107421859375 0.6835937515625 0.4970703109375 0.6777343734375 0.4814453109375 0.6777343734375 0.4726562484375 0.6826171859375
0 0.5732421859375 0.7089843734375 0.5986328140625 0.7246093734375 0.6152343734375 0.7236328140625 0.6191406265625 0.7138671859375 0.5869140625 0.6816406265625 0.5595703109375 0.6796875015625 0.5566406265625 0.6826171859375 0.5546875015625 0.6923828140625 0.5732421859375 0.7089843734375
0 0.625 0.6923828140625 0.6357421859375 0.703125 0.6630859375 0.716796875 0.6708984359375 0.7246093734375 0.6875 0.7236328140625 0.6914062484375 0.7158203109375 0.6513671859375 0.6796875015625 0.6416015640625 0.6757812484375 0.6259765640625 0.6757812484375 0.6210937515625 0.6806640625 0.625 0.6923828140625
0 0.6972656265625 0.6904296890625 0.7373046890625 0.7246093734375 0.7617187515625 0.7255859375 0.765625 0.7216796890625 0.763671875 0.7138671859375 0.7275390625 0.6796875015625 0.7080078140625 0.673828125 0.6972656265625 0.6806640625 0.6972656265625 0.6904296890625
0 0.7714843734375 0.6865234359375 0.7734375015625 0.7001953109375 0.7822265640625 0.7089843734375 0.7939453109375 0.7128906265625 0.8115234359375 0.732421875 0.8320312484375 0.7333984359375 0.8359375015625 0.7314453109375 0.8320312484375 0.7177734359375 0.8193359375 0.7089843734375 0.7958984359375 0.6816406265625 0.7802734359375 0.6796875015625 0.7714843734375 0.6865234359375
0 0.8496093734375 0.6826171859375 0.845703125 0.6962890625 0.8544921859375 0.7089843734375 0.8662109375 0.7128906265625 0.8837890625 0.7265624984375 0.90625 0.7294921859375 0.9121093734375 0.7255859375 0.9121093734375 0.7138671859375 0.90625 0.7021484359375 0.8935546890625 0.689453125 0.8623046890625 0.6796875015625 0.8496093734375 0.6826171859375
0 0.923828125 0.6982421859375 0.9257812484375 0.7099609375 0.9462890625 0.7304687515625 0.9638671859375 0.7382812484375 0.9765624984375 0.7373046890625 0.982421875 0.7314453109375 0.982421875 0.7138671859375 0.9755859375 0.703125 0.9482421859375 0.6914062484375 0.9306640625 0.6914062484375 0.923828125 0.6982421859375
0 0 0.9814453109375 0.0058593734375 0.9814453109375 0.0087890625 0.9746093734375 0.029296875 0.9658203109375 0.0273437515625 0.9326171859375 0.035156248437499996 0.9208984359375 0.035156248437499996 0.9111328140625 0.0283203109375 0.904296875 0.0146484359375 0.904296875 0 0.9208984359375 0 0.9814453109375
0 0.0507812484375 0.9130859375 0.042968751562500004 0.9345703109375 0.039062498437499996 0.9755859375 0.044921875 0.9755859375 0.0546875015625 0.9638671859375 0.060546875 0.9326171859375 0.06835937343750001 0.9150390625 0.06835937343750001 0.9111328140625 0.0615234359375 0.90625 0.0507812484375 0.9130859375
0 0.10910238593749999 0.91109269375 0.0996759015625 0.9162318671874999 0.08398437343750001 0.9365234359375 0.078125 0.9423828140625 0.078125 0.9658203109375 0.08984375156249999 0.9677734359375 0.10546875156249999 0.9638671859375 0.12109375156249999 0.9208984359375 0.11914062656249999 0.9091796890625 0.10644531093750001 0.9023437515625 0.10449218593750001 0.904296875 0.103140990625 0.9093051515624999 0.10910238593749999 0.91109269375
0 0.1533203109375 0.904296875 0.1539618171875 0.9162318671874999 0.1424116359375 0.9393209859375 0.126953125 0.9638671859375 0.142578125 0.9658203109375 0.1533203109375 0.9648437515625 0.1621093734375 0.9541015640625 0.1640624984375 0.9462890625 0.1679687515625 0.9150390625 0.1611328140625 0.90625 0.1533203109375 0.904296875
0 0.2177734359375 0.908203125 0.2119140625 0.9140624984375 0.2021484359375 0.9140624984375 0.1982421859375 0.921875 0.1865234359375 0.9257812484375 0.1835937515625 0.9306640625 0.185546875 0.9404296890625 0.1796875015625 0.9560546890625 0.1845703109375 0.9570312484375 0.1884765640625 0.9628906265625 0.1992187515625 0.9638671859375 0.2119140625 0.9628906265625 0.2285156265625 0.9443359375 0.2265624984375 0.9345703109375 0.2304687515625 0.9189453109375 0.2255859375 0.9101562484375 0.2177734359375 0.908203125
0 0.2421875015625 0.9521484359375 0.2490234359375 0.9628906265625 0.2617187515625 0.9638671859375 0.2714843734375 0.9541015640625 0.2773437515625 0.9306640625 0.2744140625 0.919921875 0.2587890625 0.9257812484375 0.25 0.9345703109375 0.2421875015625 0.9521484359375
0 0.3017578140625 0.9609375015625 0.3125 0.9619140625 0.3203124984375 0.9521484359375 0.3232421859375 0.9179687515625 0.3173828140625 0.9179687515625 0.3066406265625 0.9248046890625 0.296875 0.9482421859375 0.3017578140625 0.9609375015625
0 0.3505859375 0.9628906265625 0.361328125 0.9619140625 0.3691406265625 0.9541015640625 0.3691406265625 0.9208984359375 0.3642578140625 0.9160156265625 0.3554687515625 0.9208984359375 0.34375 0.9501953109375 0.3505859375 0.9628906265625
0 0.390625 0.9443359375 0.392578125 0.9619140625 0.40625 0.9619140625 0.4140624984375 0.9541015640625 0.4179687515625 0.9306640625 0.4179687515625 0.9208984359375 0.4130859375 0.9160156265625 0.4003906265625 0.9267578140625 0.390625 0.9443359375
0 0.4375 0.9423828140625 0.430011240625 0.948556621875 0.4288561515625 0.9601011828124999 0.4570312484375 0.9638671859375 0.4638671859375 0.9628906265625 0.466796875 0.9580078140625 0.466796875 0.9189453109375 0.4619140625 0.9140624984375 0.4492187515625 0.9208984359375 0.4375 0.9423828140625
0 0.4804687515625 0.9384765640625 0.4765624984375 0.9462890625 0.4765624984375 0.9580078140625 0.4853515640625 0.9648437515625 0.4960937515625 0.9638671859375 0.5058593734375 0.9541015640625 0.5078124984375 0.9208984359375 0.5048828140625 0.9160156265625 0.4931640625 0.9160156265625 0.4785156265625 0.9267578140625 0.4804687515625 0.9384765640625
0 0.5341796890625 0.919921875 0.5397379859375 0.9185407859374999 0.532807809375 0.9300853468750001 0.5253906265625 0.9560546890625 0.5322265640625 0.9609375015625 0.5429687515625 0.9619140625 0.5585937515625 0.9541015640625 0.560546875 0.9228515640625 0.5517578140625 0.9101562484375 0.5439453109375 0.9140624984375 0.5380859375 0.9121093734375 0.5341796890625 0.919921875
0 0.5791015640625 0.921875 0.5778535421875 0.9300853468750001 0.5625 0.9560546890625 0.5712890625 0.9648437515625 0.580078125 0.9638671859375 0.595703125 0.9560546890625 0.595703125 0.9482421859375 0.6035156265625 0.9345703109375 0.5986328140625 0.9179687515625 0.5849609375 0.9160156265625 0.5791015640625 0.921875
0 0.6337890625 0.9179687515625 0.63237364375 0.9183226046874999 0.6332944625 0.9220041468750001 0.6316828 0.9210376218749999 0.6309843734375 0.9266219859374999 0.6258974312500001 0.9222973734375 0.61134909375 0.9462477015624999 0.61019409375 0.9520199828125 0.6210937515625 0.9599609375 0.6357421859375 0.9589843734375 0.642578125 0.9541015640625 0.642578125 0.9248046890625 0.6337890625 0.9179687515625
0 0.6572265640625 0.921875 0.6484375015625 0.9560546890625 0.6679687515625 0.9580078140625 0.6816406265625 0.9267578140625 0.6572265640625 0.921875
0 0.7304687515625 0.9287109375 0.7216796890625 0.9101562484375 0.689453125 0.9306640625 0.689453125 0.9541015640625 0.7148437515625 0.9580078140625 0.7304687515625 0.9287109375
0 0.7509765640625 0.921875 0.7402343734375 0.9482421859375 0.7597656265625 0.9541015640625 0.767578125 0.9306640625 0.7509765640625 0.921875
0 0.7958984359375 0.9140624984375 0.78125 0.9482421859375 0.8027343734375 0.9521484359375 0.814453125 0.9267578140625 0.7958984359375 0.9140624984375
0 0.8413326359375001 0.927449146875 0.8232421859375 0.953125 0.857421875 0.9560546890625 0.8564453109375 0.9160156265625 0.8413326359375001 0.927449146875
0 0.8889571328124999 0.9637764437499999 0.90625 0.9580078140625 0.921875 0.9541015640625 0.921875 0.9189453109375 0.9165291468750001 0.924943809375 0.9090094171875001 0.9211858218750001 0.901489884375 0.944986471875 0.8889571328124999 0.9637764437499999
0 0.9766863953125 0.9662817828125 0.9766863953125 0.9412284890624999 0.9691666671875 0.936217809375 0.9716796890625 0.9140624984375 0.9541274046874999 0.9349651640625 0.9462890625 0.9648437515625 0.9766863953125 0.9662817828125