0 0.0439453125 0.4541015625 0.037841796875 0.44921875 0 0.4501953125 0.001220703125 0.46484375 0.04150390625 0.4677734375 0.0439453125 0.4541015625
0 0.08544921875 0.4619140625 0.081787109375 0.44921875 0.04150390625 0.4501953125 0.050048828125 0.466796875 0.08056640625 0.4658203125 0.08544921875 0.4619140625
0 0.152587890625 0.451171875 0.091552734375 0.44921875 0.087890625 0.4521484375 0.093994140625 0.46484375 0.15869140625 0.4677734375 0.152587890625 0.451171875
0 0.2001953125 0.4677734375 0.21728515625 0.4599609375 0.216064453125 0.451171875 0.167236328125 0.44921875 0.15380859375 0.4541015625 0.159912109375 0.466796875 0.2001953125 0.4677734375
0 0.228271484375 0.453125 0.21728515625 0.4658203125 0.240478515625 0.474609375 0.26611328125 0.4736328125 0.286865234375 0.462890625 0.301513671875 0.462890625 0.302734375 0.4580078125 0.294189453125 0.453125 0.272216796875 0.451171875 0.228271484375 0.453125
0 0.4052734375 0.4697265625 0.42236328125 0.4638671875 0.416259765625 0.45703125 0.374755859375 0.453125 0.34423828125 0.4560546875 0.352783203125 0.46875 0.4052734375 0.4697265625
0 0.4638671875 0.4619140625 0.467529296875 0.46875 0.489501953125 0.474609375 0.5419921875 0.4736328125 0.557861328125 0.470703125 0.56640625 0.4638671875 0.552978515625 0.455078125 0.526123046875 0.453125 0.472412109375 0.455078125 0.4638671875 0.4619140625
0 0.638427734375 0.47265625 0.6884765625 0.4755859375 0.721435546875 0.470703125 0.72998046875 0.4619140625 0.723876953125 0.45703125 0.653076171875 0.451171875 0.6201171875 0.4638671875 0.638427734375 0.47265625
0 0.787353515625 0.466796875 0.804443359375 0.47265625 0.87890625 0.4736328125 0.8984375 0.4638671875 0.894775390625 0.45703125 0.855712890625 0.451171875 0.802001953125 0.451171875 0.7861328125 0.4599609375 0.787353515625 0.466796875
0 0.997314453125 0.447265625 0.972900390625 0.44921875 0.95458984375 0.4580078125 0.958251953125 0.466796875 0.99853515625 0.4716796875 0.997314453125 0.447265625
0 0.001220703125 0.16796875 0.020751953125 0.16796875 0.047607421875 0.177734375 0.08056640625 0.1787109375 0.096435546875 0.17578125 0.10009765625 0.1689453125 0.054931640625 0.154296875 0.015869140625 0.146484375 0 0.1474609375 0.001220703125 0.16796875
0 0.15283610625 0.168470109375 0.125732421875 0.15234375 0.07080078125 0.1552734375 0.076904296875 0.162109375 0.1171875 0.1708984375 0.15283610625 0.168470109375
0 0.141066125 0.1484375 0.12473980312499999 0.1509355859375 0.12885144843750002 0.1542233 0.143927496875 0.160798790625 0.15694775 0.173949646875 0.16303878125 0.1796875 0.2045426875 0.1875 0.237501671875 0.1865234375 0.244825890625 0.1845703125 0.24116378125 0.177734375 0.210646203125 0.1689453125 0.20217595156249998 0.1673741984375 0.1947770625 0.166015625 0.141066125 0.1484375
0 0.235595703125 0.177734375 0.242919921875 0.18359375 0.2734375 0.1826171875 0.28076171875 0.1767578125 0.2783203125 0.1708984375 0.262451171875 0.162109375 0.20263671875 0.1669921875 0.206298828125 0.171875 0.235595703125 0.177734375
0 0.2946882015625 0.1821689515625 0.313720703125 0.1875 0.35400390625 0.1865234375 0.35400390625 0.1806640625 0.338134765625 0.16796875 0.313720703125 0.162109375 0.272216796875 0.16015625 0.26123046875 0.1650390625 0.2946882015625 0.1821689515625
0 0.400390625 0.1748046875 0.386962890625 0.166015625 0.3369140625 0.1689453125 0.355224609375 0.185546875 0.400390625 0.1845703125 0.400390625 0.1748046875
0 0.389404296875 0.16156140937500002 0.37353515625 0.16644422187500002 0.391997415625 0.1706619125 0.41255569375 0.182716940625 0.46875 0.19183484687500002 0.489501953125 0.1869520328125 0.49072265625 0.18206922187500002 0.467529296875 0.17328015937500002 0.45641336250000003 0.164634428125 0.445556640625 0.16156140937500002 0.389404296875 0.16156140937500002
0 0.462646484375 0.173828125 0.499267578125 0.185546875 0.53466796875 0.1845703125 0.545654296875 0.18359375 0.546875 0.1787109375 0.5311084484374999 0.168470109375 0.5201439921875 0.1673741984375 0.458984375 0.1689453125 0.462646484375 0.173828125
0 0.5419945375 0.1751844703125 0.5515883578125 0.1801160203125 0.55570005625 0.1812119109375 0.574951171875 0.19140625 0.6005859375 0.1904296875 0.615234375 0.1865234375 0.59064911875 0.168608978125 0.562744140625 0.162109375 0.52734375 0.1650390625 0.5351417781250001 0.1729926046875 0.5419945375 0.1751844703125
0 0.63232421875 0.1884765625 0.645751953125 0.1875 0.65673828125 0.1787109375 0.650634765625 0.16796875 0.58837890625 0.1669921875 0.611572265625 0.1875 0.63232421875 0.1884765625
0 0.655517578125 0.16015625 0.638427734375 0.162109375 0.63232421875 0.1669921875 0.6564355953125001 0.1751844703125 0.6797349890625 0.18449964531250002 0.7421875 0.1904296875 0.75927734375 0.1865234375 0.74620673125 0.1801160203125 0.733871796875 0.1779242390625 0.713998784375 0.16970493281250001 0.701904296875 0.166015625 0.655517578125 0.16015625
0 0.755615234375 0.1875 0.78369140625 0.1865234375 0.806884765625 0.1796875 0.799658275 0.16970493281250001 0.774303034375 0.1669651640625 0.738525390625 0.1640625 0.712890625 0.1689453125 0.755615234375 0.1875
0 0.8106226812499999 0.17847214218750002 0.843505859375 0.1875 0.88134765625 0.1865234375 0.90087890625 0.1767578125 0.86818586875 0.1691569453125 0.850830078125 0.16796875 0.77841473125 0.1603896734375 0.7722472390624999 0.165321265625 0.8106226812499999 0.17847214218750002
0 0.859375 0.1689453125 0.885009765625 0.17578125 0.889892578125 0.181640625 0.93017578125 0.1806640625 0.946044921875 0.17578125 0.947265625 0.1708984375 0.936279296875 0.16015625 0.926513671875 0.158203125 0.880126953125 0.16015625 0.859375 0.1689453125
0 0.965576171875 0.18359375 0.99853515625 0.1845703125 0.994873046875 0.162109375 0.963134765625 0.158203125 0.92041015625 0.1611328125 0.953845359375 0.176280340625 0.943603515625 0.17578125 0.965576171875 0.18359375