0 0.5009765609375 0.1481154421875 0.4814453125 0.1481154421875 0.4765624984375 0.155102021875 0.4794921859375 0.164883228125 0.494140625 0.16348591562499998 0.5019531265625 0.1578966484375 0.5009765609375 0.1481154421875
0 0.5605468734375 0.1662805421875 0.5654296875 0.164883228125 0.568359375 0.1578966484375 0.5595703125 0.1481154421875 0.5439453125 0.1453208078125 0.5351562484375 0.15230738906250002 0.5351562484375 0.16069128125 0.5400390625 0.164883228125 0.5605468734375 0.1662805421875
0 0.6279296875 0.1620885953125 0.6044921859375 0.1620885953125 0.6015624984375 0.1662805421875 0.6044921859375 0.17606175 0.6328124984375 0.17745906875 0.634765625 0.169075175 0.6279296875 0.1620885953125
0 0.7070312484375 0.18863759062500002 0.7070312484375 0.18025369687499998 0.7021484390625 0.17606175 0.6728515609375 0.17326712187499999 0.6679687515625 0.1830483296875 0.6748046875 0.1928295375 0.6992187515625 0.1942268515625 0.7070312484375 0.18863759062500002
0 0.7792968734375 0.1914322234375 0.7705078140625 0.18444564375 0.7490234390625 0.18444564375 0.7460937515625 0.18863759062500002 0.7460937515625 0.1942268515625 0.7548828140625 0.20121343125000002 0.7773437515625 0.1998161171875 0.7792968734375 0.1914322234375
0 0.8476562484375 0.20261074531249998 0.8447265609375 0.1928295375 0.8173828140625 0.1900349046875 0.8144531265625 0.1942268515625 0.8144531265625 0.20261074531249998 0.8212890625 0.209597325 0.8417968734375 0.2082000109375 0.8476562484375 0.20261074531249998
0 0.9140624984375 0.1998161171875 0.9072265609375 0.1928295375 0.8935546875 0.1928295375 0.8828124984375 0.1998161171875 0.8828124984375 0.20540537812499998 0.8876953125 0.209597325 0.9101562484375 0.2082000109375 0.9140624984375 0.1998161171875
0 0.9648437515625 0.2082000109375 0.9853515609375 0.2068026921875 0.990234375 0.197021484375 0.9814453125 0.1900349046875 0.9658203125 0.1900349046875 0.9560546875 0.1928295375 0.9511718734375 0.1998161171875 0.9580078140625 0.209597325 0.9648437515625 0.2082000109375
0 0.4609375015625 0.77271546875 0.4560546875 0.7629342609374999 0.4404296875 0.7573449953125 0.4335937515625 0.764331575 0.4335937515625 0.7699208343749999 0.4404296875 0.7797020421874999 0.4570312484375 0.7810993609375 0.4609375015625 0.77271546875
0 0.5175781265625 0.786688621875 0.5185546875 0.7713181484375 0.4990234390625 0.760139628125 0.4892578140625 0.760139628125 0.4863281265625 0.764331575 0.4863281265625 0.7699208343749999 0.4931640625 0.7797020421874999 0.5107421859375 0.7880859359375 0.5175781265625 0.786688621875
0 0.5644531265625 0.7755100953125 0.5517578140625 0.760139628125 0.5439453125 0.7545503671875 0.5351562484375 0.7587423140625 0.5351562484375 0.764331575 0.5498046875 0.782496675 0.5644531265625 0.7838939890625001 0.5644531265625 0.7755100953125
0 0.5888671859375 0.7797020421874999 0.6025390625 0.7880859359375 0.609375 0.786688621875 0.6132812484375 0.7755100953125 0.6064453125 0.7657288890625 0.5966796875 0.7629342609374999 0.5830078140625 0.751755734375 0.5761718734375 0.75594768125 0.5742187515625 0.7615369421875 0.5761718734375 0.7671262078125001 0.5888671859375 0.7797020421874999
0 0.646484375 0.7810993609375 0.650390625 0.778304728125 0.650390625 0.7699208343749999 0.6416015609375 0.7573449953125 0.6318359375 0.751755734375 0.6289062484375 0.75594768125 0.630859375 0.7699208343749999 0.6357421859375 0.776907415625 0.646484375 0.7810993609375
0 0.6875 0.7838939890625001 0.6914062484375 0.7810993609375 0.6914062484375 0.77271546875 0.6865234390625 0.7657288890625 0.6708984390625 0.751755734375 0.6640624984375 0.75594768125 0.666015625 0.7671262078125001 0.6767578140625 0.782496675 0.6875 0.7838939890625001
0 0.7265624984375 0.7810993609375 0.724609375 0.7671262078125001 0.7060546875 0.74896110625 0.7011718734375 0.75594768125 0.7050781265625 0.77271546875 0.7138671859375 0.782496675 0.7226562484375 0.7838939890625001 0.7265624984375 0.7810993609375
0 0.7636718734375 0.77271546875 0.7587890625 0.7657288890625 0.7451171859375 0.7545503671875 0.7363281265625 0.7587423140625 0.7451171859375 0.776907415625 0.7529296875 0.782496675 0.7636718734375 0.7810993609375 0.7636718734375 0.77271546875
0 0.7880859375 0.7852913078125 0.7949218734375 0.7838939890625001 0.7988281265625 0.7810993609375 0.7988281265625 0.77271546875 0.7939453125 0.7657288890625 0.7802734390625 0.7545503671875 0.775390625 0.7587423140625 0.775390625 0.7671262078125001 0.7822265609375 0.7797020421874999 0.7880859375 0.7852913078125
0 0.8271484390625 0.7880859359375 0.837890625 0.786688621875 0.8417968734375 0.7755100953125 0.8232421859375 0.7545503671875 0.8154296875 0.7545503671875 0.8119352187500001 0.759258665625 0.8124502828125 0.76809828125 0.8139955203125 0.7762012546875 0.8176010187499999 0.7828309734375 0.8271484390625 0.7880859359375
0 0.880859375 0.7755100953125 0.8740234390625 0.7657288890625 0.8623046875 0.7573449953125 0.853515625 0.764331575 0.8564453125 0.7797020421874999 0.8681640625 0.7880859359375 0.875 0.786688621875 0.880859375 0.7755100953125
0 0.9199218734375 0.7838939890625001 0.9238281265625 0.778304728125 0.921875 0.77271546875 0.9091796875 0.7573449953125 0.8994140625 0.751755734375 0.8925781265625 0.75594768125 0.9072265609375 0.7797020421874999 0.9150390625 0.7852913078125 0.9199218734375 0.7838939890625001
0 0.9648437515625 0.77271546875 0.9580078140625 0.7629342609374999 0.9462890625 0.7545503671875 0.9414062484375 0.7587423140625 0.9414062484375 0.7671262078125001 0.9541015609375 0.7852913078125 0.962890625 0.7838939890625001 0.9648437515625 0.77271546875
0 1 0.7615369421875 0.9853515609375 0.7545503671875 0.9824218734375 0.7587423140625 0.9824218734375 0.7699208343749999 0.9912109375 0.782496675 1 0.7838939890625001 1 0.7615369421875