0 0.9990234375 0.76556498125 1 0.764304578125 0.9990234375 0.7630441734375 0.9708311593750001 0.763726371875 0.9731533296875 0.7697234859375001 0.9775390625 0.77060659375 0.9794921875 0.77060659375 0.9814453125 0.7680857875 0.9931640625 0.7680857875 0.9951171875 0.76556498125 0.9990234375 0.76556498125
0 0.9460614546875 0.7662251765625 0.9468354953125001 0.7697234859375001 0.9716796875 0.7680857875 0.97265625 0.7668253843749999 0.9716796875 0.7630441734375 0.9479965890625 0.76322661875 0.9460614546875 0.7662251765625
0 0.9453125 0.7668253843749999 0.9443359375 0.7605233671875 0.9365234375 0.7605233671875 0.9345703125 0.7630441734375 0.9248046875 0.7630441734375 0.921875 0.7668253843749999 0.921875 0.769346190625 0.9228515625 0.77060659375 0.9404296875 0.77060659375 0.9453125 0.7668253843749999
0 0.9208984375 0.76556498125 0.9189453125 0.7630441734375 0.8935546875 0.7630441734375 0.890625 0.7668253843749999 0.890625 0.769346190625 0.8916015625 0.77060659375 0.9208984375 0.77060659375 0.921875 0.769346190625 0.9208984375 0.76556498125
0 0.896484375 0.7668253843749999 0.8955078125 0.7630441734375 0.8935546875 0.7630441734375 0.8916015625 0.7605233671875 0.8759765625 0.7605233671875 0.87109375 0.764304578125 0.87109375 0.769346190625 0.8720703125 0.77060659375 0.8935546875 0.77060659375 0.896484375 0.7668253843749999
0 0.8642578125 0.77060659375 0.8662109375 0.7680857875 0.8740234375 0.7680857875 0.875 0.7668253843749999 0.8740234375 0.7630441734375 0.8720703125 0.7630441734375 0.8701171875 0.7605233671875 0.8505859375 0.7605233671875 0.8486328125 0.7630441734375 0.8427734375 0.7630441734375 0.841796875 0.7668253843749999 0.8466796875 0.77060659375 0.8642578125 0.77060659375
0 0.8427734375 0.77060659375 0.84765625 0.7668253843749999 0.8466796875 0.7605233671875 0.8427734375 0.7605233671875 0.8408203125 0.7580025609375001 0.8251953125 0.7580025609375001 0.8232421875 0.7605233671875 0.8134765625 0.7605233671875 0.8125 0.7668253843749999 0.8154296875 0.77060659375 0.8427734375 0.77060659375
0 0.8115234375 0.7731274 0.8134765625 0.77060659375 0.818359375 0.769346190625 0.818359375 0.7617837703125 0.8173828125 0.7605233671875 0.7919921875 0.7605233671875 0.7900390625 0.7630441734375 0.7880859375 0.7630441734375 0.787109375 0.7668253843749999 0.7900390625 0.77060659375 0.7998046875 0.77060659375 0.8017578125 0.7731274 0.8115234375 0.7731274
0 0.76171875 0.764304578125 0.76171875 0.7668253843749999 0.7646484375 0.77060659375 0.7880859375 0.77060659375 0.7919921875 0.76556498125 0.7939453125 0.76556498125 0.794921875 0.764304578125 0.7939453125 0.7630441734375 0.7900390625 0.7630441734375 0.7880859375 0.7605233671875 0.7724609375 0.7605233671875 0.7705078125 0.7580025609375001 0.7685546875 0.7580025609375001 0.7666015625 0.7605233671875 0.7646484375 0.7605233671875 0.76171875 0.764304578125
0 0.7626953125 0.7680857875 0.763671875 0.7668253843749999 0.7626953125 0.7630441734375 0.7607421875 0.7605233671875 0.7373046875 0.7605233671875 0.734375 0.764304578125 0.734375 0.7668253843749999 0.7392578125 0.77060659375 0.7548828125 0.77060659375 0.7568359375 0.7680857875 0.7626953125 0.7680857875
0 0.736328125 0.7668253843749999 0.7353515625 0.7630441734375 0.7333984375 0.7630441734375 0.7314453125 0.7605233671875 0.7099609375 0.7605233671875 0.70703125 0.764304578125 0.70703125 0.7668253843749999 0.7119140625 0.77060659375 0.7314453125 0.77060659375 0.736328125 0.7668253843749999
0 0.708984375 0.7668253843749999 0.7080078125 0.7630441734375 0.7060546875 0.7605233671875 0.6826171875 0.7605233671875 0.6806640625 0.7630441734375 0.6787109375 0.7630441734375 0.677734375 0.7668253843749999 0.6826171875 0.77060659375 0.7041015625 0.77060659375 0.708984375 0.7668253843749999
0 0.68359375 0.764304578125 0.6826171875 0.7630441734375 0.6806640625 0.7605233671875 0.6611328125 0.7605233671875 0.6591796875 0.7630441734375 0.6552734375 0.7630441734375 0.654296875 0.7668253843749999 0.6572265625 0.77060659375 0.6787109375 0.77060659375 0.68359375 0.764304578125
0 0.6533203125 0.77060659375 0.658203125 0.7668253843749999 0.6572265625 0.7630441734375 0.6533203125 0.7630441734375 0.6513671875 0.7605233671875 0.6376953125 0.7605233671875 0.6357421875 0.7630441734375 0.6298828125 0.7630441734375 0.62890625 0.7668253843749999 0.6318359375 0.77060659375 0.6533203125 0.77060659375
0 0.630859375 0.7668253843749999 0.6298828125 0.7630441734375 0.6279296875 0.7605233671875 0.6103515625 0.7605233671875 0.6083984375 0.7630441734375 0.6044921875 0.7630441734375 0.603515625 0.7668253843749999 0.6064453125 0.77060659375 0.6279296875 0.77060659375 0.630859375 0.7668253843749999
0 0.6025390625 0.7630441734375 0.6005859375 0.7605233671875 0.5791015625 0.7605233671875 0.578125 0.7617837703125 0.578125 0.769346190625 0.5791015625 0.77060659375 0.6025390625 0.77060659375 0.603515625 0.769346190625 0.6025390625 0.7630441734375
0 0.5498046875 0.7605233671875 0.548828125 0.764304578125 0.5546583218750001 0.7677244359375 0.576718859375 0.7672246828125 0.5790410140625 0.76322661875 0.578125 0.7617837703125 0.5771484375 0.7605233671875 0.5498046875 0.7605233671875
0 0.5498046875 0.7605233671875 0.5302734375 0.7605233671875 0.52734375 0.764304578125 0.5302734375 0.7680857875 0.5361328125 0.7680857875 0.5380859375 0.76556498125 0.5498046875 0.76556498125 0.55078125 0.764304578125 0.5498046875 0.7605233671875
0 0.5107421875 0.77060659375 0.5126953125 0.7680857875 0.5205078125 0.7680857875 0.5234375 0.764304578125 0.5224609375 0.7605233671875 0.5087890625 0.7605233671875 0.5068359375 0.7630441734375 0.5029296875 0.7630441734375 0.5 0.769346190625 0.5029296875 0.7731274 0.5048828125 0.7731274 0.5068359375 0.77060659375 0.5107421875 0.77060659375
0 0.49925405156249997 0.7647258781249999 0.4990234375 0.7630441734375 0.4970703125 0.7605233671875 0.4853515625 0.7605233671875 0.4833984375 0.7630441734375 0.4775390625 0.7605233671875 0.47265625 0.764304578125 0.47912861875 0.770223240625 0.49847996562499997 0.7672246828125 0.49925405156249997 0.7647258781249999
0 0.4716796875 0.7680857875 0.474609375 0.764304578125 0.4736328125 0.7605233671875 0.4521484375 0.7605233671875 0.451171875 0.7668253843749999 0.4521484375 0.7680857875 0.4580078125 0.7680857875 0.4599609375 0.76556498125 0.4677734375 0.76556498125 0.4697265625 0.7680857875 0.4716796875 0.7680857875
0 0.4521484375 0.7680857875 0.453125 0.7668253843749999 0.4521484375 0.7605233671875 0.4501953125 0.7605233671875 0.4482421875 0.7580025609375001 0.4365234375 0.7580025609375001 0.4345703125 0.7605233671875 0.4248046875 0.7605233671875 0.421875 0.764304578125 0.4248046875 0.7680857875 0.4521484375 0.7680857875
0 0.4228515625 0.7605233671875 0.4033203125 0.7605233671875 0.400390625 0.764304578125 0.4033203125 0.7680857875 0.4091796875 0.7680857875 0.4111328125 0.76556498125 0.4228515625 0.76556498125 0.423828125 0.764304578125 0.4228515625 0.7605233671875
0 0.3974609375 0.7605233671875 0.3740234375 0.7605233671875 0.369140625 0.764304578125 0.3740234375 0.77060659375 0.3798828125 0.77060659375 0.3818359375 0.7680857875 0.3955078125 0.7680857875 0.3984375 0.764304578125 0.3974609375 0.7605233671875
0 0.373046875 0.7668253843749999 0.3720703125 0.7605233671875 0.3466796875 0.7605233671875 0.34375 0.764304578125 0.34375 0.7668253843749999 0.3486328125 0.77060659375 0.3525390625 0.77060659375 0.3544921875 0.7680857875 0.3720703125 0.7680857875 0.373046875 0.7668253843749999
0 0.3447265625 0.7680857875 0.345703125 0.7668253843749999 0.3447265625 0.7630441734375 0.3427734375 0.7605233671875 0.3291015625 0.7605233671875 0.3271484375 0.7630441734375 0.3212890625 0.7630441734375 0.3203125 0.769346190625 0.3232421875 0.77060659375 0.3251953125 0.7680857875 0.3447265625 0.7680857875
0 0.3056640625 0.77060659375 0.3076171875 0.7680857875 0.3095703125 0.7680857875 0.3115234375 0.77060659375 0.3212890625 0.77060659375 0.3232421875 0.7680857875 0.3271484375 0.7680857875 0.328125 0.7668253843749999 0.3271484375 0.7630441734375 0.3212890625 0.7630441734375 0.3193359375 0.7605233671875 0.3037109375 0.7605233671875 0.3017578125 0.7630441734375 0.2939453125 0.7630441734375 0.29296875 0.7668253843749999 0.2958984375 0.77060659375 0.3056640625 0.77060659375
0 0.2783203125 0.7680857875 0.2958984375 0.7680857875 0.296875 0.7668253843749999 0.2958984375 0.7630441734375 0.2919921875 0.7630441734375 0.2900390625 0.7605233671875 0.2822265625 0.7605233671875 0.2802734375 0.7630441734375 0.2724609375 0.7630441734375 0.271484375 0.7668253843749999 0.2763671875 0.77060659375 0.2783203125 0.7680857875
0 0.2421875 0.769346190625 0.2470703125 0.7731274 0.2587890625 0.7731274 0.2607421875 0.77060659375 0.2705078125 0.77060659375 0.2724609375 0.7680857875 0.2744140625 0.7680857875 0.275390625 0.7668253843749999 0.2744140625 0.76556498125 0.2724609375 0.7630441734375 0.2626953125 0.7630441734375 0.2607421875 0.7605233671875 0.2509765625 0.7605233671875 0.2490234375 0.7630441734375 0.2451171875 0.7630441734375 0.2421875 0.7668253843749999 0.2421875 0.769346190625
0 0.2255859375 0.7731274 0.2333984375 0.7731274 0.2353515625 0.77060659375 0.2451171875 0.77060659375 0.24609375 0.769346190625 0.2451171875 0.7680857875 0.2412109375 0.7630441734375 0.2333984375 0.7630441734375 0.2314453125 0.7605233671875 0.2216796875 0.7630441734375 0.21875 0.7668253843749999 0.2197265625 0.77060659375 0.2236328125 0.77060659375 0.2255859375 0.7731274
0 0.2158203125 0.7680857875 0.216796875 0.7668253843749999 0.2158203125 0.76556498125 0.2138671875 0.7630441734375 0.1943359375 0.7630441734375 0.19140625 0.7668253843749999 0.19140625 0.769346190625 0.1923828125 0.77060659375 0.2119140625 0.77060659375 0.2138671875 0.7680857875 0.2158203125 0.7680857875