0 0.0888671875 0.0847656265625 0.08398437656249999 0.0916015625 0.08496093593750001 0.1066406265625 0.10351562343750001 0.1080078109375 0.1533203125 0.1011718734375 0.1582031234375 0.0943359375 0.1582031234375 0.08886718906249999 0.1455078125 0.0792968734375 0.1044921875 0.0792968734375 0.0888671875 0.0847656265625
0 0.2148437515625 0.0970703109375 0.2236328125 0.1066406265625 0.2617187515625 0.1052734375 0.2714843765625 0.0970703109375 0.2714843765625 0.08886718906249999 0.2626953125 0.08203125312500001 0.2275390640625 0.0792968734375 0.2148437515625 0.08886718906249999 0.2148437515625 0.0970703109375
0 0.3466796875 0.0765625 0.3417968765625 0.0861328109375 0.3417968765625 0.0916015625 0.3525390640625 0.1011718734375 0.4003906234375 0.1025390625 0.4091796875 0.1011718734375 0.4140625 0.0943359375 0.4140625 0.0833984375 0.3994140640625 0.0738281265625 0.3525390640625 0.0738281265625 0.3466796875 0.0765625
0 0.4833984359375 0.071093746875 0.4775390640625 0.0738281265625 0.4726562484375 0.0833984375 0.4746093765625 0.0916015625 0.4833984359375 0.0984375 0.5039062484375 0.0970703109375 0.5341796875 0.092968746875 0.5410156234375 0.0861328109375 0.5410156234375 0.0779296890625 0.5322265640625 0.06835937343750001 0.5126953125 0.065625 0.4833984359375 0.071093746875
0 0.6201171875 0.071093746875 0.6142578125 0.0738281265625 0.6113281234375 0.0806640625 0.6113281234375 0.08886718906249999 0.6162109359375 0.09570312656249999 0.65625 0.0970703109375 0.6806640640625 0.092968746875 0.6884765640625 0.0875 0.6914062484375 0.0779296890625 0.6806640640625 0.06835937343750001 0.6572265640625 0.065625 0.6201171875 0.071093746875
0 0.7636718765625 0.0806640625 0.765625 0.0916015625 0.7705078125 0.09570312656249999 0.8320312484375 0.0943359375 0.8398437515625 0.0861328109375 0.8398437515625 0.0779296890625 0.8330078125 0.06835937343750001 0.7763671875 0.06835937343750001 0.7666015640625 0.0738281265625 0.7636718765625 0.0806640625
0 0.8984375 0.0806640625 0.8984375 0.0916015625 0.9111328125 0.1011718734375 0.9326171875 0.1066406265625 0.9570312484375 0.1052734375 0.9628906234375 0.0998046890625 0.9628906234375 0.0916015625 0.9560546875 0.08203125312500001 0.9248046875 0.0738281265625 0.9033203125 0.0738281265625 0.8984375 0.0806640625
0 0.8857421875 0.2515625 0.8828125 0.2583984375 0.8828125 0.2666015625 0.8896484359375 0.2734375 0.9746093765625 0.2748046890625 0.9785156234375 0.2693359375 0.9785156234375 0.2583984375 0.9677734359375 0.2488281265625 0.9423828125 0.24609374687500002 0.8916015640625 0.2488281265625 0.8857421875 0.2515625
0 0.6630859359375 0.2433593734375 0.6542968765625 0.2529296890625 0.65625 0.2666015625 0.6650390640625 0.2734375 0.75 0.2720703109375 0.7685546875 0.267968746875 0.7734375 0.2529296890625 0.7666015640625 0.2433593734375 0.7431640640625 0.23789062656249998 0.6748046875 0.240625 0.6630859359375 0.2433593734375
0 0.4658203125 0.240625 0.4462890640625 0.24609374687500002 0.4414062484375 0.2529296890625 0.4414062484375 0.2583984375 0.4501953125 0.267968746875 0.4804687515625 0.2666015625 0.5419921875 0.2652343734375 0.5478515640625 0.2625 0.5527343765625 0.2556640625 0.5527343765625 0.2501953109375 0.5419921875 0.240625 0.4658203125 0.240625
0 0.2470703125 0.2542968734375 0.2421875 0.2611328109375 0.2421875 0.2693359375 0.2529296875 0.278906253125 0.3378906234375 0.2802734375 0.3486328125 0.2761718734375 0.3515625 0.2693359375 0.3447265640625 0.25703125312499997 0.3388671875 0.2542968734375 0.2548828125 0.2515625 0.2470703125 0.2542968734375
0 0.0419921875 0.25703125312499997 0.03125 0.2666015625 0.0341796875 0.2816406265625 0.0498046875 0.28984374687500003 0.1347656234375 0.2884765625 0.1484375 0.2830078109375 0.1503906234375 0.2666015625 0.1474609359375 0.2625 0.1298828125 0.25703125312499997 0.11816406406249999 0.2597656265625 0.0419921875 0.25703125312499997
0 0.011718751562500001 0.4333984375 0.0205078125 0.442968746875 0.041015623437499996 0.4443359375 0.0546875 0.4333984375 0.0546875 0.4251953109375 0.047851564062500004 0.415625 0.022460935937500003 0.415625 0.011718751562500001 0.4279296890625 0.011718751562500001 0.4333984375
0 0.08398437656249999 0.4333984375 0.0888671875 0.4402343734375 0.1044921875 0.4457031265625 0.1171875 0.4443359375 0.1220703125 0.442968746875 0.1289062484375 0.4306640625 0.11816406406249999 0.415625 0.09277343593750001 0.415625 0.08398437656249999 0.4279296890625 0.08398437656249999 0.4333984375
0 0.2119140640625 0.4128906265625 0.1923828125 0.4128906265625 0.1787109359375 0.4183593734375 0.1679687515625 0.4333984375 0.1699218765625 0.4416015625 0.1748046875 0.4457031265625 0.1953125 0.4443359375 0.2138671875 0.442968746875 0.2216796875 0.4375 0.2246093765625 0.4333984375 0.2246093765625 0.4224609375 0.2197265640625 0.415625 0.2119140640625 0.4128906265625
0 0.2617187515625 0.4251953109375 0.2617187515625 0.4361328109375 0.2666015640625 0.4402343734375 0.2949218765625 0.4388671890625 0.3085937515625 0.4333984375 0.3105468765625 0.4169921890625 0.3056640640625 0.410156253125 0.2724609359375 0.4128906265625 0.2666015640625 0.415625 0.2617187515625 0.4251953109375
0 0.3681640640625 0.410156253125 0.3632812484375 0.4169921890625 0.3632812484375 0.4306640625 0.3681640640625 0.4375 0.3925781234375 0.4388671890625 0.4130859359375 0.4347656265625 0.4160156234375 0.4306640625 0.4140625 0.4169921890625 0.3994140640625 0.4074218734375 0.3759765640625 0.4074218734375 0.3681640640625 0.410156253125
0 0.4628906234375 0.4142578109375 0.4628906234375 0.4279296890625 0.4716796875 0.4375 0.4960937515625 0.4361328109375 0.5166015640625 0.432031253125 0.5195312484375 0.4279296890625 0.5195312484375 0.4169921890625 0.5009765640625 0.4046875 0.4775390640625 0.4046875 0.4628906234375 0.4142578109375
0 0.5771484359375 0.4046875 0.5683593765625 0.4142578109375 0.5683593765625 0.4251953109375 0.5771484359375 0.4347656265625 0.6015625 0.4361328109375 0.6103515640625 0.4347656265625 0.6171875 0.4251953109375 0.6191406234375 0.4197265625 0.6162109359375 0.410156253125 0.6064453125 0.4046875 0.5771484359375 0.4046875
0 0.65625 0.4279296890625 0.6689453125 0.4402343734375 0.6992187515625 0.4388671890625 0.7050781234375 0.4306640625 0.7050781234375 0.4197265625 0.6982421875 0.4128906265625 0.6611328125 0.410156253125 0.65625 0.4169921890625 0.65625 0.4279296890625
0 0.7402343765625 0.4197265625 0.7402343765625 0.4333984375 0.7431640640625 0.4375 0.7578125 0.4388671890625 0.7822265640625 0.4347656265625 0.7890625 0.4279296890625 0.7910156234375 0.4197265625 0.7822265640625 0.4074218734375 0.7548828125 0.410156253125 0.7402343765625 0.4197265625
0 0.8359375 0.4224609375 0.8378906234375 0.4306640625 0.8447265640625 0.4375 0.875 0.4361328109375 0.8847656234375 0.4279296890625 0.8828125 0.4142578109375 0.8779296875 0.410156253125 0.8427734359375 0.4074218734375 0.8378906234375 0.4142578109375 0.8359375 0.4224609375
0 0.9287109359375 0.4128906265625 0.9238281234375 0.4197265625 0.9238281234375 0.4333984375 0.9287109359375 0.4402343734375 0.9667968765625 0.4416015625 0.9853515640625 0.4375 0.9921875 0.4251953109375 0.9921875 0.4169921890625 0.9873046875 0.410156253125 0.9365234359375 0.410156253125 0.9287109359375 0.4128906265625
0 0.9414062484375 0.6466796890625 0.9394531234375 0.6630859375 0.9443359359375 0.6699218734375 0.9550781234375 0.6685546890625 0.9785156234375 0.6412109375 0.9824218765625 0.6248046890625 0.9775390640625 0.6125 0.9716796875 0.6097656265625 0.9638671875 0.6152343734375 0.9414062484375 0.6466796890625
0 0.9248046875 0.7136718734375 0.9140625 0.7287109375 0.8964843765625 0.7669921890625 0.8964843765625 0.7779296890625 0.8994140640625 0.782031253125 0.9121093765625 0.7806640625 0.9257812484375 0.7615234375 0.9355468765625 0.7396484375 0.9375 0.7259765625 0.9355468765625 0.7177734375 0.9306640640625 0.7136718734375 0.9248046875 0.7136718734375
0 0.8681640640625 0.83125 0.8515625 0.8572265625 0.8496093765625 0.8708984375 0.8544921875 0.8777343734375 0.8613281234375 0.8763671890625 0.8720703125 0.869531253125 0.8847656234375 0.8517578109375 0.8886718765625 0.8326171890625 0.8837890640625 0.825781253125 0.8759765640625 0.825781253125 0.8681640640625 0.83125
0 0.7753906234375 0.8955078109375 0.7773437515625 0.9037109375 0.7841796875 0.9105468734375 0.8125 0.9091796890625 0.8193359359375 0.9078125 0.8242187515625 0.9009765625 0.8242187515625 0.8900390625 0.8154296875 0.8832031265625 0.7822265640625 0.8832031265625 0.7753906234375 0.8955078109375
0 0.7070312484375 0.8271484375 0.7089843765625 0.8380859375 0.7255859359375 0.8613281265625 0.7353515640625 0.869531253125 0.7441406234375 0.8708984375 0.75 0.8654296890625 0.75 0.8517578109375 0.7363281234375 0.8244140625 0.7216796875 0.814843746875 0.7138671875 0.814843746875 0.7070312484375 0.8271484375
0 0.671875 0.7177734375 0.6738281234375 0.7423828109375 0.6904296875 0.7683593734375 0.7011718765625 0.7724609375 0.7070312484375 0.7669921890625 0.7070312484375 0.7478515625 0.703125 0.7341796890625 0.6865234359375 0.7136718734375 0.6767578125 0.7109375 0.671875 0.7177734375
0 0.6054687515625 0.6439453109375 0.6054687515625 0.6548828109375 0.6220703125 0.672656253125 0.6425781234375 0.6740234375 0.6484375 0.6685546890625 0.6484375 0.6576171890625 0.6416015640625 0.6453125 0.6259765640625 0.6371093734375 0.6123046875 0.6371093734375 0.6054687515625 0.6439453109375
0 0.5253906234375 0.6576171890625 0.5283203125 0.661718746875 0.5429687515625 0.6603515625 0.5654296875 0.6453125 0.5664062484375 0.6330078109375 0.5615234359375 0.628906253125 0.5439453125 0.628906253125 0.5253906234375 0.6466796890625 0.5253906234375 0.6576171890625
0 0.4707031234375 0.7369140625 0.46875 0.7423828109375 0.4707031234375 0.7505859375 0.4755859359375 0.7546875 0.4824218765625 0.7533203109375 0.4951171875 0.74375 0.5078125 0.7232421890625 0.5078125 0.7013671890625 0.5048828125 0.6972656265625 0.4951171875 0.7 0.4707031234375 0.7369140625
0 0.4316406234375 0.8189453109375 0.4296875 0.8326171890625 0.4345703125 0.8394531265625 0.4433593765625 0.8380859375 0.4589843765625 0.8244140625 0.4628906234375 0.8134765625 0.4628906234375 0.7970703109375 0.4599609359375 0.792968746875 0.4501953125 0.7957031265625 0.4316406234375 0.8189453109375
0 0.3632812484375 0.8845703109375 0.3662109359375 0.8886718734375 0.3886718765625 0.8900390625 0.4042968765625 0.8818359375 0.40625 0.8708984375 0.4013671875 0.8640625 0.3779296875 0.8613281265625 0.3632812484375 0.8736328109375 0.3632812484375 0.8845703109375
0 0.2949218765625 0.8271484375 0.296875 0.8435546890625 0.3056640640625 0.8558593734375 0.3232421875 0.8640625 0.3320312484375 0.8626953109375 0.3359375 0.8572265625 0.3359375 0.8490234375 0.3212890640625 0.825781253125 0.3115234359375 0.8203125 0.2998046875 0.8203125 0.2949218765625 0.8271484375
0 0.25 0.7451171890625 0.2558593765625 0.7642578109375 0.2685546875 0.7792968734375 0.2763671875 0.7847656265625 0.28125 0.7833984375 0.2851562484375 0.7779296890625 0.2851562484375 0.7642578109375 0.2792968765625 0.7505859375 0.2646484359375 0.7328125 0.2548828125 0.7328125 0.25 0.7451171890625
0 0.2001953125 0.7 0.2177734359375 0.7136718734375 0.2304687515625 0.7123046890625 0.2324218765625 0.6986328109375 0.2158203125 0.6753906265625 0.2001953125 0.672656253125 0.1972656234375 0.6767578109375 0.1953125 0.6876953109375 0.2001953125 0.7
0 0.1494140640625 0.6371093734375 0.1367187515625 0.6494140625 0.1367187515625 0.6630859375 0.1396484359375 0.6671875 0.1601562484375 0.6658203109375 0.1728515640625 0.6589843734375 0.1777343765625 0.6521484375 0.1777343765625 0.6439453109375 0.1728515640625 0.6371093734375 0.1650390640625 0.634375 0.1494140640625 0.6371093734375
0 0.08789062343750001 0.7095703109375 0.08398437656249999 0.7205078109375 0.08398437656249999 0.7314453109375 0.0908203125 0.738281253125 0.09570312343750001 0.7369140625 0.11523437656249999 0.7177734375 0.11914062343750001 0.7068359375 0.11914062343750001 0.6958984375 0.11621093593750001 0.6917968734375 0.0986328125 0.694531253125 0.08789062343750001 0.7095703109375
0 0.044921876562500004 0.7943359375 0.044921876562500004 0.8080078109375 0.0498046875 0.814843746875 0.0585937515625 0.8134765625 0.07617187656249999 0.7888671890625 0.078125 0.7697265625 0.0751953125 0.765625 0.0654296875 0.765625 0.0556640640625 0.7738281265625 0.044921876562500004 0.7943359375
0 0.011718751562500001 0.8626953109375 0.009765623437499999 0.8736328109375 0.016601564062499997 0.8832031265625 0.0253906234375 0.8818359375 0.032226564062500004 0.8777343734375 0.041015623437499996 0.8626953109375 0.042968751562500004 0.8517578109375 0.038085935937499996 0.8421875 0.024414064062499997 0.8421875 0.011718751562500001 0.8626953109375