0 0.978515625 0.7333984375 0.9365234375 0.736328125 0.923828125 0.7431640625 0.9287109375 0.748046875 0.9560546875 0.748046875 0.9833984375 0.74609375 0.9921875 0.7412109375 0.9892578125 0.732421875 0.978515625 0.7333984375
0 0.8583984375 0.751953125 0.8876953125 0.751953125 0.8984375 0.7451171875 0.8955078125 0.73828125 0.8515625 0.7392578125 0.845703125 0.7470703125 0.8583984375 0.751953125
0 0.7705078125 0.736328125 0.765625 0.7451171875 0.7783203125 0.75 0.818359375 0.7431640625 0.818359375 0.7392578125 0.8095703125 0.734375 0.779296875 0.7353515625 0.7705078125 0.736328125
0 0.6845703125 0.73828125 0.673828125 0.7451171875 0.7001953125 0.751953125 0.7216796875 0.751953125 0.73828125 0.7451171875 0.7294921875 0.73828125 0.69921875 0.7373046875 0.6845703125 0.73828125
0 0.626953125 0.7373046875 0.5966796875 0.740234375 0.587890625 0.7490234375 0.5908203125 0.751953125 0.6298828125 0.751953125 0.65234375 0.7451171875 0.65234375 0.7412109375 0.6435546875 0.736328125 0.626953125 0.7373046875
0 0.494140625 0.7333984375 0.4794921875 0.736328125 0.474609375 0.7431640625 0.4892578125 0.75 0.5498046875 0.75 0.5546875 0.7451171875 0.5458984375 0.73828125 0.5205078125 0.732421875 0.494140625 0.7333984375
0 0.4111328125 0.744140625 0.4423828125 0.748046875 0.4453125 0.7451171875 0.4404296875 0.734375 0.419921875 0.7314453125 0.41015625 0.7353515625 0.4111328125 0.744140625
0 0.9140625 0.5595703125 0.9658203125 0.56640625 0.978515625 0.5615234375 0.9697265625 0.5546875 0.93359375 0.5517578125 0.9189453125 0.552734375 0.9140625 0.5595703125
0 0.849609375 0.5498046875 0.8388671875 0.552734375 0.8359375 0.5595703125 0.8408203125 0.5625 0.8935546875 0.560546875 0.8984375 0.5556640625 0.8955078125 0.55078125 0.8857421875 0.548828125 0.849609375 0.5498046875
0 0.765625 0.5556640625 0.763671875 0.5615234375 0.7666015625 0.564453125 0.7802734375 0.5625 0.7939453125 0.56640625 0.8076171875 0.56640625 0.81640625 0.5576171875 0.8134765625 0.5546875 0.765625 0.5556640625
0 0.6923828125 0.564453125 0.7314453125 0.56640625 0.7421875 0.5615234375 0.7392578125 0.5546875 0.6953125 0.5556640625 0.689453125 0.5615234375 0.6923828125 0.564453125
0 0.6279296875 0.56640625 0.6513671875 0.56640625 0.662109375 0.5595703125 0.6513671875 0.5546875 0.603515625 0.5537109375 0.6025390625 0.560546875 0.6279296875 0.56640625
0 0.546875 0.5517578125 0.5244140625 0.5546875 0.51953125 0.5615234375 0.5283203125 0.56640625 0.5634765625 0.5625 0.5703125 0.5576171875 0.5703125 0.5537109375 0.5634765625 0.55078125 0.546875 0.5517578125
0 0.4482421875 0.55078125 0.443359375 0.5576171875 0.4462890625 0.560546875 0.4833984375 0.560546875 0.49609375 0.5556640625 0.4873046875 0.548828125 0.45703125 0.5478515625 0.4482421875 0.55078125
0 0.375 0.5576171875 0.4091796875 0.56640625 0.419921875 0.5634765625 0.4091796875 0.552734375 0.384765625 0.5517578125 0.3759765625 0.552734375 0.375 0.5576171875
0 0.341796875 0.5654296875 0.3271484375 0.5546875 0.3203125 0.5556640625 0.302734375 0.5634765625 0.3056640625 0.56640625 0.341796875 0.5654296875