0 0.4954443859375 0.4863281234375 0.5176083296875 0.4873046875 0.524127134375 0.40625 0.5045707171875 0.4189453125 0.4954443859375 0.4863281234375
0 0.490229340625 0.619140625 0.52021585 0.6064453125 0.5163045671875001 0.5507812515625 0.4941406234375 0.5615234359375 0.490229340625 0.619140625
0 0.5189120875000001 0.271484375 0.5019631906249999 0.2802734359375 0.5006594328125 0.3300781234375 0.5189120875000001 0.353515625 0.5332534640625 0.3251953125 0.5189120875000001 0.271484375
0 0.5006594328125 0.203125 0.52021585 0.1962890625 0.5163045671875001 0.1328125015625 0.5019631906249999 0.1376953125 0.5006594328125 0.203125
0 0.8083470921875 0.2011718765625 0.8213847062499999 0.21875 0.8265997531249999 0.1542968765625 0.80965085625 0.1630859375 0.8083470921875 0.2011718765625
0 0.8213847062499999 0.2617187484375 0.804435809375 0.2705078109375 0.805739571875 0.3125 0.8187771796875 0.3203125015625 0.8279035109375 0.3076171890625 0.8213847062499999 0.2617187484375
0 0.8239922265624999 0.3789062515625 0.8070433296875 0.3876953125 0.805739571875 0.443359375 0.8187771796875 0.4492187484375 0.8279035109375 0.4326171890625 0.8239922265624999 0.3789062515625
0 0.816169659375 0.5039062515625 0.8018282890625 0.5087890625 0.8005245249999999 0.568359375 0.8135621390625 0.5742187484375 0.8226884640625001 0.5556640625 0.816169659375 0.5039062515625
0 0.7822718656250001 0.681640625 0.8005245249999999 0.7070312515625 0.8200809437500001 0.6669921890625 0.805739571875 0.6269531234375 0.7822718656250001 0.681640625
0 0.7874869125 0.822265625 0.8070433296875 0.8115234359375 0.803132046875 0.759765625 0.78618315 0.7744140625 0.7874869125 0.822265625
0 0.49805190781249997 0.7324218765625 0.522823371875 0.7333984359375 0.5215196140625 0.662109375 0.5045707171875 0.6689453125 0.49805190781249997 0.7324218765625
0 0.508482 0.7460937484375 0.491533103125 0.7529296875 0.4876218203125 0.7988281234375 0.5058744749999999 0.8203125015625 0.52021585 0.7802734359375 0.508482 0.7460937484375
0 0.5080654015625 0.8466294828125 0.5170272375 0.8318544093750001 0.5042581796875 0.821218703125 0.4811798921875 0.8412567640624999 0.47401039687499996 0.8627478375000001 0.4758027375 0.8828958296874999 0.4883493203125 0.888268753125 0.49910356718750004 0.8802094703125001 0.5080654015625 0.8627478375000001 0.5080654015625 0.8466294828125
0 0.5008959078124999 0.9366238140625001 0.502688246875 0.9245350999999999 0.502688246875 0.9137894640625 0.5080654015625 0.9003574671875001 0.49305244375 0.9001174781250001 0.47401039687499996 0.9057303859375001 0.47221805625 0.92319181875 0.46863330937500003 0.9419967375 0.46863330937500003 0.9581150890625001 0.4883493203125 0.9594583703125 0.4883493203125 0.9487127328125 0.5008959078124999 0.9366238140625001
0 0.49910356718750004 1 0.491934071875 0.9567718109375001 0.47221805625 0.9594583703125 0.4614638140625 0.9984110765624999 0.49910356718750004 1
0 0.7822718656250001 0.927734375 0.8018282890625 0.9365234359375 0.797917 0.8789062515625 0.780968103125 0.8896484359375 0.7822718656250001 0.927734375
0 0.792701959375 0.9863281234375 0.7822718656250001 1 0.8018282890625 0.9990234359375 0.792701959375 0.9863281234375