0 1 0.5498046875 0.998779296875 0.53515625 0.95849609375 0.5322265625 0.9560546875 0.5458984375 0.962158203125 0.55078125 1 0.5498046875
0 0.95849609375 0.5498046875 0.949951171875 0.533203125 0.91943359375 0.5341796875 0.91455078125 0.5380859375 0.918212890625 0.55078125 0.95849609375 0.5498046875
0 0.912109375 0.5478515625 0.906005859375 0.53515625 0.84130859375 0.5322265625 0.847412109375 0.548828125 0.908447265625 0.55078125 0.912109375 0.5478515625
0 0.783935546875 0.548828125 0.832763671875 0.55078125 0.84619140625 0.5458984375 0.840087890625 0.533203125 0.7998046875 0.5322265625 0.78271484375 0.5400390625 0.783935546875 0.548828125
0 0.759521484375 0.525390625 0.73388671875 0.5263671875 0.713134765625 0.537109375 0.698486328125 0.537109375 0.697265625 0.5419921875 0.705810546875 0.546875 0.727783203125 0.548828125 0.771728515625 0.546875 0.78271484375 0.5341796875 0.759521484375 0.525390625
0 0.583740234375 0.54296875 0.625244140625 0.546875 0.65576171875 0.5439453125 0.647216796875 0.53125 0.5947265625 0.5302734375 0.57763671875 0.5361328125 0.583740234375 0.54296875
0 0.510498046875 0.525390625 0.4580078125 0.5263671875 0.442138671875 0.529296875 0.43359375 0.5361328125 0.447021484375 0.544921875 0.473876953125 0.546875 0.527587890625 0.544921875 0.5361328125 0.5380859375 0.532470703125 0.53125 0.510498046875 0.525390625
0 0.278564453125 0.529296875 0.27001953125 0.5380859375 0.276123046875 0.54296875 0.346923828125 0.548828125 0.3798828125 0.5361328125 0.361572265625 0.52734375 0.3115234375 0.5244140625 0.278564453125 0.529296875
0 0.12109375 0.5263671875 0.1015625 0.5361328125 0.105224609375 0.54296875 0.144287109375 0.548828125 0.197998046875 0.548828125 0.2138671875 0.5400390625 0.212646484375 0.533203125 0.195556640625 0.52734375 0.12109375 0.5263671875
0 0.04541015625 0.5419921875 0.041748046875 0.533203125 0.00146484375 0.5283203125 0.002685546875 0.552734375 0.027099609375 0.55078125 0.04541015625 0.5419921875
0 0.952392578125 0.822265625 0.91943359375 0.8212890625 0.903564453125 0.82421875 0.89990234375 0.8310546875 0.945068359375 0.845703125 0.984130859375 0.853515625 1 0.8525390625 0.998779296875 0.83203125 0.979248046875 0.83203125 0.952392578125 0.822265625
0 0.92919921875 0.8447265625 0.923095703125 0.837890625 0.8828125 0.8291015625 0.84716389375 0.8315298906249999 0.874267578125 0.84765625 0.92919921875 0.8447265625
0 0.8711485515625 0.8457767 0.8560725031249999 0.8392012093749999 0.8430522500000001 0.8260503531250001 0.83696121875 0.8203125 0.7954573125 0.8125 0.762498328125 0.8134765625 0.755174109375 0.8154296875 0.75883621875 0.822265625 0.789353796875 0.8310546875 0.7978240484375 0.8326258015624999 0.8052229375 0.833984375 0.858933875 0.8515625 0.875260196875 0.8490644140624999 0.8711485515625 0.8457767
0 0.7265625 0.8173828125 0.71923828125 0.8232421875 0.7216796875 0.8291015625 0.737548828125 0.837890625 0.79736328125 0.8330078125 0.793701171875 0.828125 0.764404296875 0.822265625 0.757080078125 0.81640625 0.7265625 0.8173828125
0 0.64599609375 0.8134765625 0.64599609375 0.8193359375 0.661865234375 0.83203125 0.686279296875 0.837890625 0.727783203125 0.83984375 0.73876953125 0.8349609375 0.7053117984374999 0.8178310484375 0.686279296875 0.8125 0.64599609375 0.8134765625
0 0.6630859375 0.8310546875 0.644775390625 0.814453125 0.599609375 0.8154296875 0.599609375 0.8251953125 0.613037109375 0.833984375 0.6630859375 0.8310546875
0 0.608002584375 0.8293380875 0.58744430625 0.817283059375 0.53125 0.8081651531249999 0.510498046875 0.8130479671874999 0.50927734375 0.8179307781249999 0.532470703125 0.8267198406249999 0.5435866375 0.8353655718749999 0.554443359375 0.8384385906249999 0.610595703125 0.8384385906249999 0.62646484375 0.8335557781249999 0.608002584375 0.8293380875
0 0.46533203125 0.8154296875 0.454345703125 0.81640625 0.453125 0.8212890625 0.4688915515625 0.8315298906249999 0.4798560078125 0.8326258015624999 0.541015625 0.8310546875 0.537353515625 0.826171875 0.500732421875 0.814453125 0.46533203125 0.8154296875
0 0.44429994375000004 0.8187880890624999 0.425048828125 0.80859375 0.3994140625 0.8095703125 0.384765625 0.8134765625 0.40935088124999996 0.8313910218749999 0.437255859375 0.837890625 0.47265625 0.8349609375 0.464858221875 0.8270073953124999 0.45800546249999996 0.8248155296874999 0.4484116421875 0.8198839796874999 0.44429994375000004 0.8187880890624999
0 0.34326171875 0.8212890625 0.349365234375 0.83203125 0.41162109375 0.8330078125 0.388427734375 0.8125 0.36767578125 0.8115234375 0.354248046875 0.8125 0.34326171875 0.8212890625
0 0.36767578125 0.8330078125 0.3435644046875 0.8248155296874999 0.3202650109375 0.8155003546874999 0.2578125 0.8095703125 0.24072265625 0.8134765625 0.25379326875 0.8198839796874999 0.26612820312499996 0.8220757609374999 0.28600121562499997 0.8302950671874999 0.298095703125 0.833984375 0.344482421875 0.83984375 0.361572265625 0.837890625 0.36767578125 0.8330078125
0 0.193115234375 0.8203125 0.200341725 0.8302950671874999 0.225696965625 0.8330348359374999 0.261474609375 0.8359375 0.287109375 0.8310546875 0.244384765625 0.8125 0.21630859375 0.8134765625 0.193115234375 0.8203125
0 0.11865234375 0.8134765625 0.09912109375 0.8232421875 0.13181413125000002 0.8308430546875 0.149169921875 0.83203125 0.22158526875 0.8396103265624999 0.2277527609375 0.834678734375 0.18937731875 0.8215278578125 0.156494140625 0.8125 0.11865234375 0.8134765625
0 0.110107421875 0.818359375 0.06982421875 0.8193359375 0.053955078125 0.82421875 0.052734375 0.8291015625 0.063720703125 0.83984375 0.073486328125 0.841796875 0.119873046875 0.83984375 0.140625 0.8310546875 0.114990234375 0.82421875 0.110107421875 0.818359375
0 0.005126953125 0.837890625 0.036865234375 0.841796875 0.07958984375 0.8388671875 0.046154640625 0.8237196593749999 0.056396484375 0.82421875 0.034423828125 0.81640625 0.00146484375 0.8154296875 0.005126953125 0.837890625