0 0.0078125 0.2587890625 0.0107421875 0.267578125 0.021484375 0.2666015625 0.0634765625 0.263671875 0.076171875 0.2568359375 0.0712890625 0.251953125 0.0439453125 0.251953125 0.0166015625 0.25390625 0.0078125 0.2587890625
0 0.1484375 0.2607421875 0.154296875 0.2529296875 0.1416015625 0.248046875 0.1123046875 0.248046875 0.1015625 0.2548828125 0.1044921875 0.26171875 0.1484375 0.2607421875
0 0.1904296875 0.265625 0.220703125 0.2646484375 0.2294921875 0.263671875 0.234375 0.2548828125 0.2216796875 0.25 0.181640625 0.2568359375 0.181640625 0.2607421875 0.1904296875 0.265625
0 0.2705078125 0.26171875 0.30078125 0.2626953125 0.3154296875 0.26171875 0.326171875 0.2548828125 0.2998046875 0.248046875 0.2783203125 0.248046875 0.26171875 0.2548828125 0.2705078125 0.26171875
0 0.34765625 0.2587890625 0.3564453125 0.263671875 0.373046875 0.2626953125 0.4033203125 0.259765625 0.412109375 0.2509765625 0.4091796875 0.248046875 0.3701171875 0.248046875 0.34765625 0.2548828125 0.34765625 0.2587890625
0 0.4541015625 0.26171875 0.4794921875 0.267578125 0.505859375 0.2666015625 0.5205078125 0.263671875 0.525390625 0.2568359375 0.5107421875 0.25 0.4501953125 0.25 0.4453125 0.2548828125 0.4541015625 0.26171875
0 0.580078125 0.2685546875 0.58984375 0.2646484375 0.5888671875 0.255859375 0.5576171875 0.251953125 0.5546875 0.2548828125 0.5595703125 0.265625 0.580078125 0.2685546875
0 0.06640625 0.4482421875 0.0810546875 0.447265625 0.0859375 0.4404296875 0.0341796875 0.43359375 0.021484375 0.4384765625 0.0302734375 0.4453125 0.06640625 0.4482421875
0 0.1044921875 0.44921875 0.1142578125 0.451171875 0.150390625 0.4501953125 0.1611328125 0.447265625 0.1640625 0.4404296875 0.1591796875 0.4375 0.1064453125 0.439453125 0.1015625 0.4443359375 0.1044921875 0.44921875
0 0.18359375 0.4423828125 0.1865234375 0.4453125 0.234375 0.4443359375 0.236328125 0.4384765625 0.2333984375 0.435546875 0.2197265625 0.4375 0.2060546875 0.43359375 0.1923828125 0.43359375 0.18359375 0.4423828125
0 0.3046875 0.4443359375 0.310546875 0.4384765625 0.3076171875 0.435546875 0.2685546875 0.43359375 0.2578125 0.4384765625 0.2607421875 0.4453125 0.3046875 0.4443359375
0 0.396484375 0.4462890625 0.3974609375 0.439453125 0.3720703125 0.43359375 0.3486328125 0.43359375 0.337890625 0.4404296875 0.3486328125 0.4453125 0.396484375 0.4462890625
0 0.4296875 0.4462890625 0.4365234375 0.44921875 0.453125 0.4482421875 0.4755859375 0.4453125 0.48046875 0.4384765625 0.4716796875 0.43359375 0.4365234375 0.4375 0.4296875 0.4423828125 0.4296875 0.4462890625
0 0.5126953125 0.451171875 0.54296875 0.4521484375 0.5517578125 0.44921875 0.556640625 0.4423828125 0.5537109375 0.439453125 0.5166015625 0.439453125 0.50390625 0.4443359375 0.5126953125 0.451171875
0 0.615234375 0.4482421875 0.6240234375 0.447265625 0.625 0.4423828125 0.5908203125 0.43359375 0.580078125 0.4365234375 0.5908203125 0.447265625 0.615234375 0.4482421875
0 0.697265625 0.4365234375 0.6943359375 0.43359375 0.658203125 0.4345703125 0.6728515625 0.4453125 0.6796875 0.4443359375 0.697265625 0.4365234375