0 0.4863281234375 0.5045556140625 0.4873046875 0.48239167031249996 0.40625 0.475872865625 0.4189453125 0.49542928281250004 0.4863281234375 0.5045556140625
0 0.619140625 0.509770659375 0.6064453125 0.47978414999999996 0.5507812515625 0.48369543281249994 0.5615234359375 0.5058593765625 0.619140625 0.509770659375
0 0.271484375 0.48108791249999994 0.2802734359375 0.498036809375 0.3300781234375 0.49934056718750003 0.353515625 0.48108791249999994 0.3251953125 0.4667465359375 0.271484375 0.48108791249999994
0 0.203125 0.49934056718750003 0.1962890625 0.47978414999999996 0.1328125015625 0.48369543281249994 0.1376953125 0.498036809375 0.203125 0.49934056718750003
0 0.2011718765625 0.1916529078125 0.21875 0.17861529375000001 0.1542968765625 0.173400246875 0.1630859375 0.19034914375 0.2011718765625 0.1916529078125
0 0.2617187484375 0.17861529375000001 0.2705078109375 0.195564190625 0.3125 0.194260428125 0.3203125015625 0.1812228203125 0.3076171890625 0.1720964890625 0.2617187484375 0.17861529375000001
0 0.3789062515625 0.17600777343750001 0.3876953125 0.1929566703125 0.443359375 0.194260428125 0.4492187484375 0.1812228203125 0.4326171890625 0.1720964890625 0.3789062515625 0.17600777343750001
0 0.5039062515625 0.183830340625 0.5087890625 0.1981717109375 0.568359375 0.199475475 0.5742187484375 0.1864378609375 0.5556640625 0.1773115359375 0.5039062515625 0.183830340625
0 0.681640625 0.217728134375 0.7070312515625 0.199475475 0.6669921890625 0.17991905625 0.6269531234375 0.194260428125 0.681640625 0.217728134375
0 0.822265625 0.2125130875 0.8115234359375 0.1929566703125 0.759765625 0.196867953125 0.7744140625 0.21381685 0.822265625 0.2125130875
0 0.7324218765625 0.5019480921875 0.7333984359375 0.47717662812499995 0.662109375 0.4784803859375 0.6689453125 0.49542928281250004 0.7324218765625 0.5019480921875
0 0.7460937484375 0.491518 0.7529296875 0.508466896875 0.7988281234375 0.5123781796875 0.8203125015625 0.494125525 0.7802734359375 0.47978414999999996 0.7460937484375 0.491518
0 0.8466294828125 0.4919345984375 0.8318544093750001 0.48297276250000004 0.821218703125 0.4957418203125 0.8412567640624999 0.5188201078125 0.8627478375000001 0.525989603125 0.8828958296874999 0.5241972625 0.888268753125 0.5116506796875 0.8802094703125001 0.5008964328125 0.8627478375000001 0.4919345984375 0.8466294828125 0.4919345984375
0 0.9366238140625001 0.4991040921875 0.9245350999999999 0.497311753125 0.9137894640625 0.497311753125 0.9003574671875001 0.4919345984375 0.9001174781250001 0.50694755625 0.9057303859375001 0.525989603125 0.92319181875 0.52778194375 0.9419967375 0.531366690625 0.9581150890625001 0.531366690625 0.9594583703125 0.5116506796875 0.9487127328125 0.5116506796875 0.9366238140625001 0.4991040921875
0 1 0.5008964328125 0.9567718109375001 0.508065928125 0.9594583703125 0.52778194375 0.9984110765624999 0.5385361859375 1 0.5008964328125
0 0.927734375 0.217728134375 0.9365234359375 0.1981717109375 0.8789062515625 0.202083 0.8896484359375 0.21903189687500002 0.927734375 0.217728134375
0 0.9863281234375 0.207298040625 1 0.217728134375 0.9990234359375 0.1981717109375 0.9863281234375 0.207298040625