0 0 0.2607421859375 0.010742185937499999 0.2695312484375 0.035156248437499996 0.2685546890625 0.0693359375 0.265625 0.07421875156249999 0.2626953109375 0.076171875 0.2548828140625 0.06542968906249999 0.248046875 0.045898435937499996 0.248046875 0.016601564062499997 0.25 0 0.2568359375 0 0.2607421859375
0 0.1464843734375 0.2626953109375 0.1513671859375 0.2617187515625 0.154296875 0.2548828140625 0.1455078140625 0.2460937515625 0.11425781406249999 0.2460937515625 0.10156249843750001 0.2529296890625 0.10156249843750001 0.2587890625 0.10644531093750001 0.263671875 0.1464843734375 0.2626953109375
0 0.2148437515625 0.2666015640625 0.2314453109375 0.263671875 0.236328125 0.2548828140625 0.2275390625 0.248046875 0.1845703109375 0.251953125 0.1816406265625 0.2548828140625 0.1816406265625 0.2607421859375 0.1865234359375 0.265625 0.2148437515625 0.2666015640625
0 0.310546875 0.2646484359375 0.3232421859375 0.2617187515625 0.326171875 0.2529296890625 0.3076171859375 0.2460937515625 0.2705078140625 0.2460937515625 0.2617187515625 0.2529296890625 0.2617187515625 0.2587890625 0.2705078140625 0.263671875 0.310546875 0.2646484359375
0 0.3476562484375 0.2607421859375 0.3544921859375 0.265625 0.3867187515625 0.2646484359375 0.4072265640625 0.2617187515625 0.4140624984375 0.2568359375 0.4140624984375 0.2509765640625 0.4033203109375 0.2441406265625 0.3818359375 0.2441406265625 0.3603515640625 0.2460937515625 0.3476562484375 0.2529296890625 0.3476562484375 0.2607421859375
0 0.498046875 0.2685546890625 0.5205078140625 0.263671875 0.5234375015625 0.2548828140625 0.5146484359375 0.25 0.4970703109375 0.248046875 0.4501953109375 0.248046875 0.4453124984375 0.2529296890625 0.4521484359375 0.263671875 0.498046875 0.2685546890625
0 0.5576171859375 0.265625 0.580078125 0.2705078140625 0.5849609375 0.2695312484375 0.5898437515625 0.2626953109375 0.5849609375 0.2539062484375 0.5751953109375 0.25 0.5576171859375 0.25 0.5527343734375 0.2548828140625 0.5527343734375 0.2607421859375 0.5576171859375 0.265625
0 0.08105468906249999 0.4492187515625 0.08593750156249999 0.4404296890625 0.07324218593750001 0.4335937515625 0.0283203109375 0.4316406265625 0.019531248437500003 0.4404296890625 0.034179689062500004 0.4492187515625 0.076171875 0.4501953109375 0.08105468906249999 0.4492187515625
0 0.154296875 0.4521484359375 0.1660156265625 0.4462890625 0.1660156265625 0.4404296890625 0.1611328140625 0.435546875 0.10839843593750001 0.435546875 0.10156249843750001 0.4404296890625 0.10156249843750001 0.4462890625 0.11035156406249999 0.453125 0.154296875 0.4521484359375
0 0.2382812484375 0.4423828140625 0.2333984359375 0.4335937515625 0.1943359375 0.4296875015625 0.1835937515625 0.4384765640625 0.1835937515625 0.4423828140625 0.1943359375 0.4492187515625 0.2304687515625 0.4482421859375 0.2382812484375 0.4423828140625
0 0.310546875 0.4423828140625 0.310546875 0.4365234359375 0.3056640625 0.4316406265625 0.2724609375 0.4296875015625 0.2558593734375 0.4384765640625 0.2607421859375 0.4472656265625 0.3046875015625 0.4462890625 0.310546875 0.4423828140625
0 0.392578125 0.4482421859375 0.3984375015625 0.4423828140625 0.3955078140625 0.4375 0.3857421859375 0.4335937515625 0.3466796890625 0.4316406265625 0.3398437515625 0.4365234359375 0.3398437515625 0.4423828140625 0.3505859375 0.4472656265625 0.392578125 0.4482421859375
0 0.4345703109375 0.451171875 0.4453124984375 0.4521484359375 0.4755859375 0.4453124984375 0.4804687515625 0.4404296890625 0.4785156265625 0.4306640625 0.4658203109375 0.4257812484375 0.4580078140625 0.4316406265625 0.4296875015625 0.4404296890625 0.4296875015625 0.4462890625 0.4345703109375 0.451171875
0 0.5566406265625 0.4462890625 0.5556640625 0.439453125 0.5146484359375 0.4375 0.5039062484375 0.4443359375 0.5107421859375 0.453125 0.5283203109375 0.4570312484375 0.5429687515625 0.4560546890625 0.5566406265625 0.4462890625
0 0.6210937515625 0.4404296890625 0.6142578140625 0.435546875 0.5849609375 0.4316406265625 0.580078125 0.4365234359375 0.580078125 0.4443359375 0.5888671859375 0.4492187515625 0.6210937515625 0.4482421859375 0.6210937515625 0.4404296890625
0 0.6962890625 0.4433593734375 0.6992187515625 0.4384765640625 0.6865234359375 0.4316406265625 0.6708984359375 0.4316406265625 0.6601562484375 0.4384765640625 0.6689453109375 0.4472656265625 0.6835937515625 0.4462890625 0.6962890625 0.4433593734375