0 0.9111328125 0.158203125 0.9207031234375 0.1123046875 0.9056640625 0.083984375 0.8933593765625 0.0869140625 0.8947265625 0.103515625 0.8988281234375 0.1474609375 0.9111328125 0.158203125
0 0.89609375 0.2666015625 0.9056640625 0.2734375 0.9152343765625 0.2646484375 0.9207031234375 0.2373046875 0.9083984375 0.21484375 0.8933593765625 0.2236328125 0.8919921875 0.24609375 0.89609375 0.2666015625
0 0.9042968765625 0.4130859375 0.9138671875 0.4140625 0.9234375 0.3974609375 0.9234375 0.3505859375 0.9111328125 0.341796875 0.8988281234375 0.3564453125 0.8974609375 0.392578125 0.9042968765625 0.4130859375
0 0.9220703125 0.541015625 0.9316406234375 0.5087890625 0.9193359375 0.47265625 0.9042968765625 0.4775390625 0.9056640625 0.521484375 0.9097656234375 0.5361328125 0.9220703125 0.541015625
0 0.9056640625 0.66015625 0.9097656234375 0.6826171875 0.9220703125 0.69140625 0.9316406234375 0.6767578125 0.9316406234375 0.6591796875 0.9193359375 0.611328125 0.9111328125 0.611328125 0.9042968765625 0.6201171875 0.9056640625 0.66015625
0 0.92890625 0.8330078125 0.92890625 0.7744140625 0.9166015625 0.763671875 0.90703125 0.7685546875 0.9083984375 0.833984375 0.9220703125 0.83984375 0.92890625 0.8330078125
0 0.9193359375 0.8984375 0.9042968765625 0.9013671875 0.8947265625 0.951171875 0.9056640625 0.96484375 0.9207031234375 0.9365234375 0.9193359375 0.8984375
0 0.7347656234375 0.1455078125 0.7375 0.0400390625 0.7306640625 0.03125 0.715625 0.0458984375 0.7169921875 0.142578125 0.7224609375 0.1484375 0.7347656234375 0.1455078125
0 0.74296875 0.3349609375 0.7457031234375 0.2607421875 0.7361328125 0.2421875 0.7238281234375 0.2509765625 0.7224609375 0.34375 0.7333984375 0.349609375 0.74296875 0.3349609375
0 0.7333984375 0.474609375 0.7347656234375 0.5361328125 0.7375 0.5478515625 0.7470703125 0.552734375 0.7566406234375 0.5419921875 0.7566406234375 0.4658203125 0.7470703125 0.44140625 0.7347656234375 0.4462890625 0.7333984375 0.474609375
0 0.7306640625 0.736328125 0.73203125 0.7666015625 0.7470703125 0.771484375 0.75390625 0.7666015625 0.7566406234375 0.7275390625 0.75390625 0.6689453125 0.7443359375 0.654296875 0.73203125 0.6611328125 0.7306640625 0.736328125
0 0.7484375 0.9619140625 0.7484375 0.8916015625 0.7388671875 0.8828125 0.7292968765625 0.8876953125 0.7279296875 0.9765625 0.7361328125 0.978515625 0.7484375 0.9619140625
0 0.5816406234375 0.0458984375 0.5816406234375 0.0244140625 0.5720703125 0.013671875 0.5625 0.0146484375 0.5583984375 0.041015625 0.5693359375 0.0546875 0.5816406234375 0.0458984375
0 0.57890625 0.1201171875 0.5816406234375 0.0986328125 0.5720703125 0.0859375 0.5625 0.0888671875 0.5583984375 0.1171875 0.5638671875 0.126953125 0.57890625 0.1201171875
0 0.5816406234375 0.2197265625 0.584375 0.1904296875 0.5638671875 0.16796875 0.55703125 0.1708984375 0.5583984375 0.208984375 0.5666015625 0.224609375 0.5816406234375 0.2197265625
0 0.5802734375 0.310546875 0.5871093765625 0.2919921875 0.5775390625 0.263671875 0.5625 0.2646484375 0.5638671875 0.283203125 0.5652343765625 0.3037109375 0.5802734375 0.310546875
0 0.5748046875 0.416015625 0.5871093765625 0.4013671875 0.5830078125 0.365234375 0.5652343765625 0.3662109375 0.5638671875 0.388671875 0.5652343765625 0.4130859375 0.5748046875 0.416015625
0 0.5707031234375 0.5185546875 0.5775390625 0.51953125 0.58984375 0.5029296875 0.58984375 0.4716796875 0.5802734375 0.462890625 0.56796875 0.4677734375 0.5693359375 0.50390625 0.5707031234375 0.5185546875
0 0.5857421875 0.5703125 0.5707031234375 0.5732421875 0.5693359375 0.607421875 0.5802734375 0.619140625 0.58984375 0.6103515625 0.5857421875 0.5703125
0 0.584375 0.6962890625 0.5871093765625 0.6630859375 0.5775390625 0.65625 0.5652343765625 0.6650390625 0.5638671875 0.69921875 0.5775390625 0.705078125 0.584375 0.6962890625
0 0.5830078125 0.791015625 0.58984375 0.7685546875 0.5775390625 0.740234375 0.5625 0.7451171875 0.5638671875 0.765625 0.5707031234375 0.7861328125 0.5830078125 0.791015625
0 0.5707031234375 0.8837890625 0.5802734375 0.884765625 0.58984375 0.8623046875 0.58984375 0.8427734375 0.5830078125 0.837890625 0.56796875 0.8408203125 0.5666015625 0.87109375 0.5707031234375 0.8837890625
0 0.5775390625 0.9921875 0.5871093765625 0.9892578125 0.584375 0.9326171875 0.5775390625 0.923828125 0.5652343765625 0.9267578125 0.5625 0.9365234375 0.5638671875 0.978515625 0.5775390625 0.9921875
0 0.1400390625 0.0390625 0.1509765625 0.041015625 0.1578125 0.0361328125 0.15234375 0.0224609375 0.1318359375 0.013671875 0.11953125 0.0166015625 0.1208984375 0.025390625 0.1400390625 0.0390625
0 0.2029296875 0.046875 0.1892578125 0.046875 0.1892578125 0.0546875 0.2138671875 0.072265625 0.234375 0.0732421875 0.2029296875 0.046875
0 0.3082031234375 0.1142578125 0.3027343765625 0.0986328125 0.2822265625 0.0859375 0.2658203125 0.0859375 0.2658203125 0.095703125 0.2904296875 0.115234375 0.3082031234375 0.1142578125
0 0.3533203125 0.177734375 0.36015625 0.1708984375 0.3574218765625 0.1455078125 0.3396484375 0.13671875 0.3341796875 0.146484375 0.3410156234375 0.1689453125 0.3533203125 0.177734375
0 0.321875 0.2138671875 0.32734375 0.2041015625 0.3177734375 0.197265625 0.2972656234375 0.2060546875 0.2876953125 0.23046875 0.3013671875 0.23046875 0.321875 0.2138671875
0 0.2275390625 0.283203125 0.2466796875 0.2734375 0.2644531234375 0.2568359375 0.2576171875 0.251953125 0.2412109375 0.255859375 0.21796875 0.2744140625 0.2193359375 0.28125 0.2275390625 0.283203125
0 0.17421875 0.3154296875 0.1728515625 0.296875 0.1591796875 0.296875 0.1441406234375 0.3076171875 0.1400390625 0.333984375 0.1509765625 0.333984375 0.17421875 0.3154296875
0 0.11953125 0.4033203125 0.1291015625 0.40625 0.1359375 0.3857421875 0.13320312343750002 0.3701171875 0.1236328125 0.36328125 0.11132812343750001 0.3681640625 0.1126953125 0.388671875 0.11953125 0.4033203125
0 0.20703125 0.4599609375 0.20703125 0.4541015625 0.1728515625 0.4296875 0.16328125 0.4326171875 0.1619140625 0.44140625 0.1837890625 0.4609375 0.20703125 0.4599609375
0 0.25625 0.4912109375 0.2767578125 0.50390625 0.2958984375 0.5078125 0.3027343765625 0.5029296875 0.2603515625 0.470703125 0.2494140625 0.470703125 0.2466796875 0.4765625 0.25625 0.4912109375
0 0.3642578125 0.568359375 0.37109375 0.5478515625 0.3533203125 0.525390625 0.33828125 0.5283203125 0.3396484375 0.5390625 0.3519531234375 0.5615234375 0.3642578125 0.568359375
0 0.36015625 0.6201171875 0.3560546875 0.607421875 0.3451171875 0.607421875 0.3300781234375 0.6240234375 0.3287109375 0.646484375 0.3519531234375 0.6376953125 0.36015625 0.6201171875
0 0.2808593765625 0.6865234375 0.2863281234375 0.6767578125 0.2630859375 0.67578125 0.22890625 0.6962890625 0.2302734375 0.703125 0.2521484375 0.703125 0.2808593765625 0.6865234375
0 0.1455078125 0.74609375 0.1769531234375 0.7236328125 0.1755859375 0.708984375 0.1619140625 0.7109375 0.14140625 0.7275390625 0.13046875 0.7392578125 0.1318359375 0.748046875 0.1455078125 0.74609375
0 0.0949218765625 0.8193359375 0.1072265625 0.82421875 0.1167968765625 0.7958984375 0.1140625 0.7822265625 0.1044921875 0.775390625 0.0921875 0.7802734375 0.0908203125 0.806640625 0.0949218765625 0.8193359375
0 0.17148437656249998 0.8818359375 0.1660156234375 0.8701171875 0.1373046875 0.849609375 0.125 0.8544921875 0.1263671875 0.859375 0.1537109375 0.8828125 0.17148437656249998 0.8818359375
0 0.2275390625 0.916015625 0.2630859375 0.931640625 0.2794921875 0.93359375 0.2863281234375 0.9287109375 0.2302734375 0.896484375 0.21796875 0.8994140625 0.2193359375 0.90625 0.2275390625 0.916015625
0 0.3697265625 0.9765625 0.3806640625 0.978515625 0.3875 0.9736328125 0.3847656234375 0.9658203125 0.3451171875 0.94140625 0.3328125 0.9443359375 0.3341796875 0.955078125 0.3697265625 0.9765625