0 0.080078125 0.5169270828125 0.0869140625 0.515625 0.087890625 0.5091145828125 0.0576171875 0.5078125 0.052734375 0.5143229171875 0.0556640625 0.5182291671875 0.080078125 0.5169270828125
0 0.1396484375 0.5130208328125 0.1416015625 0.515625 0.150390625 0.5143229171875 0.15625 0.51171875 0.1552734375 0.5026041671875 0.1298828125 0.5026041671875 0.126953125 0.5065104171875 0.1298828125 0.5130208328125 0.1396484375 0.5130208328125
0 0.2001953125 0.5026041671875 0.193359375 0.5065104171875 0.193359375 0.51171875 0.1982421875 0.515625 0.224609375 0.5143229171875 0.2265625 0.5065104171875 0.2177734375 0.5052083328125 0.2158203125 0.5026041671875 0.2138671875 0.5052083328125 0.2099609375 0.5026041671875 0.2001953125 0.5026041671875
0 0.2666015625 0.515625 0.28515625 0.5143229171875 0.2890625 0.51171875 0.2880859375 0.5052083328125 0.2666015625 0.5052083328125 0.26171875 0.5091145828125 0.26171875 0.51171875 0.2666015625 0.515625
0 0.3310546875 0.5130208328125 0.3330078125 0.515625 0.3515625 0.5143229171875 0.353515625 0.5091145828125 0.3505859375 0.5052083328125 0.3232421875 0.5052083328125 0.318359375 0.5091145828125 0.3251953125 0.515625 0.3310546875 0.5130208328125
0 0.4013671875 0.5052083328125 0.3994140625 0.5078125 0.3935546875 0.5078125 0.390625 0.51171875 0.3916015625 0.515625 0.41015625 0.5143229171875 0.4248046875 0.5130208328125 0.4296875 0.5091145828125 0.4296875 0.50390625 0.4150390625 0.5026041671875 0.4130859375 0.5052083328125 0.4013671875 0.5052083328125
0 0.4755859375 0.5130208328125 0.5 0.51171875 0.505859375 0.5091145828125 0.505859375 0.50390625 0.5029296875 0.5 0.4775390625 0.5026041671875 0.47265625 0.5065104171875 0.4755859375 0.5130208328125
0 0.564453125 0.5091145828125 0.568359375 0.50390625 0.5615234375 0.4973958328125 0.5419921875 0.4973958328125 0.53515625 0.50390625 0.5400390625 0.5104166671875 0.564453125 0.5091145828125
0 0.6103515625 0.5104166671875 0.634765625 0.51171875 0.640625 0.5065104171875 0.6376953125 0.5 0.6103515625 0.4973958328125 0.60546875 0.5013020828125 0.60546875 0.5065104171875 0.6103515625 0.5104166671875
0 0.712890625 0.5065104171875 0.71484375 0.5013020828125 0.7099609375 0.4947916671875 0.6884765625 0.4947916671875 0.677734375 0.5013020828125 0.6806640625 0.5078125 0.712890625 0.5065104171875
0 0.78125 0.5065104171875 0.783203125 0.4986979171875 0.7802734375 0.4947916671875 0.7548828125 0.4947916671875 0.748046875 0.4986979171875 0.7490234375 0.5078125 0.78125 0.5065104171875
0 0.8232421875 0.5026041671875 0.8251953125 0.5052083328125 0.837890625 0.50390625 0.83984375 0.4986979171875 0.8349609375 0.4921875 0.8173828125 0.4921875 0.814453125 0.49609375 0.8173828125 0.5026041671875 0.8232421875 0.5026041671875
0 0.896484375 0.50390625 0.900390625 0.49609375 0.8955078125 0.4921875 0.873046875 0.4934895828125 0.8740234375 0.5026041671875 0.8798828125 0.5052083328125 0.896484375 0.50390625
0 0.9404296875 0.5052083328125 0.958984375 0.50390625 0.9580078125 0.4973958328125 0.9482421875 0.4921875 0.9384765625 0.4921875 0.935546875 0.49609375 0.935546875 0.5013020828125 0.9404296875 0.5052083328125
0 0.373046875 0.2955729171875 0.373046875 0.3450520828125 0.375 0.34765625 0.375 0.35546875 0.3779296875 0.359375 0.37890625 0.3580729171875 0.380859375 0.3528645828125 0.380859375 0.24348958281250002 0.3759765625 0.234375 0.3720703125 0.234375 0.37109375 0.29296875 0.373046875 0.2955729171875