0 0.7392578140625 0 0.7304687515625 0.010742185937499999 0.7314453109375 0.035156248437499996 0.734375 0.0693359375 0.7373046890625 0.07421875156249999 0.7451171859375 0.076171875 0.751953125 0.06542968906249999 0.751953125 0.045898435937499996 0.75 0.016601564062499997 0.7431640625 0 0.7392578140625 0
0 0.7373046890625 0.1464843734375 0.7382812484375 0.1513671859375 0.7451171859375 0.154296875 0.7539062484375 0.1455078140625 0.7539062484375 0.11425781406249999 0.7470703109375 0.10156249843750001 0.7412109375 0.10156249843750001 0.736328125 0.10644531093750001 0.7373046890625 0.1464843734375
0 0.7333984359375 0.2148437515625 0.736328125 0.2314453109375 0.7451171859375 0.236328125 0.751953125 0.2275390625 0.748046875 0.1845703109375 0.7451171859375 0.1816406265625 0.7392578140625 0.1816406265625 0.734375 0.1865234359375 0.7333984359375 0.2148437515625
0 0.7353515640625 0.310546875 0.7382812484375 0.3232421859375 0.7470703109375 0.326171875 0.7539062484375 0.3076171859375 0.7539062484375 0.2705078140625 0.7470703109375 0.2617187515625 0.7412109375 0.2617187515625 0.736328125 0.2705078140625 0.7353515640625 0.310546875
0 0.7392578140625 0.3476562484375 0.734375 0.3544921859375 0.7353515640625 0.3867187515625 0.7382812484375 0.4072265640625 0.7431640625 0.4140624984375 0.7490234359375 0.4140624984375 0.7558593734375 0.4033203109375 0.7558593734375 0.3818359375 0.7539062484375 0.3603515640625 0.7470703109375 0.3476562484375 0.7392578140625 0.3476562484375
0 0.7314453109375 0.498046875 0.736328125 0.5205078140625 0.7451171859375 0.5234375015625 0.75 0.5146484359375 0.751953125 0.4970703109375 0.751953125 0.4501953109375 0.7470703109375 0.4453124984375 0.736328125 0.4521484359375 0.7314453109375 0.498046875
0 0.734375 0.5576171859375 0.7294921859375 0.580078125 0.7304687515625 0.5849609375 0.7373046890625 0.5898437515625 0.7460937515625 0.5849609375 0.75 0.5751953109375 0.75 0.5576171859375 0.7451171859375 0.5527343734375 0.7392578140625 0.5527343734375 0.734375 0.5576171859375
0 0.5507812484375 0.08105468906249999 0.5595703109375 0.08593750156249999 0.5664062484375 0.07324218593750001 0.5683593734375 0.0283203109375 0.5595703109375 0.019531248437500003 0.5507812484375 0.034179689062500004 0.5498046890625 0.076171875 0.5507812484375 0.08105468906249999
0 0.5478515640625 0.154296875 0.5537109375 0.1660156265625 0.5595703109375 0.1660156265625 0.564453125 0.1611328140625 0.564453125 0.10839843593750001 0.5595703109375 0.10156249843750001 0.5537109375 0.10156249843750001 0.546875 0.11035156406249999 0.5478515640625 0.154296875
0 0.5576171859375 0.2382812484375 0.5664062484375 0.2333984359375 0.5703124984375 0.1943359375 0.5615234359375 0.1835937515625 0.5576171859375 0.1835937515625 0.5507812484375 0.1943359375 0.5517578140625 0.2304687515625 0.5576171859375 0.2382812484375
0 0.5576171859375 0.310546875 0.5634765640625 0.310546875 0.5683593734375 0.3056640625 0.5703124984375 0.2724609375 0.5615234359375 0.2558593734375 0.5527343734375 0.2607421859375 0.5537109375 0.3046875015625 0.5576171859375 0.310546875
0 0.5517578140625 0.392578125 0.5576171859375 0.3984375015625 0.5625 0.3955078140625 0.5664062484375 0.3857421859375 0.5683593734375 0.3466796890625 0.5634765640625 0.3398437515625 0.5576171859375 0.3398437515625 0.5527343734375 0.3505859375 0.5517578140625 0.392578125
0 0.548828125 0.4345703109375 0.5478515640625 0.4453124984375 0.5546875015625 0.4755859375 0.5595703109375 0.4804687515625 0.5693359375 0.4785156265625 0.5742187515625 0.4658203109375 0.5683593734375 0.4580078140625 0.5595703109375 0.4296875015625 0.5537109375 0.4296875015625 0.548828125 0.4345703109375
0 0.5537109375 0.5566406265625 0.560546875 0.5556640625 0.5625 0.5146484359375 0.5556640625 0.5039062484375 0.546875 0.5107421859375 0.5429687515625 0.5283203109375 0.5439453109375 0.5429687515625 0.5537109375 0.5566406265625
0 0.5595703109375 0.6210937515625 0.564453125 0.6142578140625 0.5683593734375 0.5849609375 0.5634765640625 0.580078125 0.5556640625 0.580078125 0.5507812484375 0.5888671859375 0.5517578140625 0.6210937515625 0.5595703109375 0.6210937515625
0 0.5566406265625 0.6962890625 0.5615234359375 0.6992187515625 0.5683593734375 0.6865234359375 0.5683593734375 0.6708984359375 0.5615234359375 0.6601562484375 0.5527343734375 0.6689453109375 0.5537109375 0.6835937515625 0.5566406265625 0.6962890625