0 0.9990234359375 0.935546875 0.9941406265625 0.9130859375 0.966796875 0.9306640625 0.9990234359375 0.935546875
0 0.908203125 0.9091796890625 0.8779296890625 0.9140624984375 0.875 0.9287109375 0.9335937515625 0.9248046890625 0.908203125 0.9091796890625
0 0.84375 0.9287109375 0.810546875 0.9091796890625 0.7753906265625 0.9248046890625 0.84375 0.9287109375
0 0.701171875 0.9111328140625 0.6796875015625 0.9287109375 0.748046875 0.9248046890625 0.7392578140625 0.9101562484375 0.701171875 0.9111328140625
0 0.6279296890625 0.9121093734375 0.5947265640625 0.90625 0.578125 0.9072265640625 0.5576171859375 0.9121093734375 0.5546875015625 0.9228515640625 0.5732421859375 0.9316406265625 0.5888671859375 0.9335937515625 0.6298828140625 0.9316406265625 0.638671875 0.9248046890625 0.6367187515625 0.9169921859375 0.6279296890625 0.9121093734375
0 0.517578125 0.9189453109375 0.5107421859375 0.9101562484375 0.4921875015625 0.9072265640625 0.4423828140625 0.9140624984375 0.4316406265625 0.9208984359375 0.4316406265625 0.9267578140625 0.4404296890625 0.9335937515625 0.4638671859375 0.935546875 0.5068359375 0.9296875015625 0.515625 0.9248046890625 0.517578125 0.9189453109375
0 0.3994140625 0.9101562484375 0.3691406265625 0.9091796890625 0.3310546890625 0.9160156265625 0.3242187515625 0.9248046890625 0.3330078140625 0.9335937515625 0.3681640625 0.9335937515625 0.3994140625 0.9296875015625 0.408203125 0.9228515640625 0.408203125 0.9169921859375 0.3994140625 0.9101562484375
0 0.2958984359375 0.9140624984375 0.2558593734375 0.9130859375 0.2353515640625 0.9179687515625 0.2285156265625 0.9287109375 0.2353515640625 0.935546875 0.2666015640625 0.935546875 0.2958984359375 0.9316406265625 0.3027343734375 0.9248046890625 0.3007812484375 0.9169921859375 0.2958984359375 0.9140624984375
0 0.205078125 0.9248046890625 0.1943359375 0.9179687515625 0.1640624984375 0.9189453109375 0.1455078140625 0.923828125 0.138671875 0.9345703109375 0.140625 0.9384765640625 0.1474609375 0.9433593734375 0.1728515640625 0.9433593734375 0.1962890625 0.939453125 0.205078125 0.9306640625 0.205078125 0.9248046890625
0 0.9472656265625 0.7060546890625 0.9453124984375 0.7177734359375 0.9541015640625 0.7226562484375 0.9990234359375 0.7285156265625 0.998046875 0.7001953109375 0.9521484359375 0.703125 0.9472656265625 0.7060546890625
0 0.9589843734375 0.7099609375 0.9501953109375 0.703125 0.857421875 0.7041015640625 0.8535156265625 0.7080078140625 0.8554687515625 0.7197265640625 0.8623046890625 0.7246093734375 0.8935546890625 0.7226562484375 0.9150390625 0.7285156265625 0.9384765640625 0.7285156265625 0.9521484359375 0.720703125 0.9589843734375 0.7099609375
0 0.8681640625 0.703125 0.8056640625 0.705078125 0.7822265640625 0.701171875 0.763671875 0.7021484359375 0.7617187515625 0.7158203109375 0.7646484359375 0.71875 0.8037109375 0.720703125 0.8369140625 0.7265624984375 0.8603515640625 0.7246093734375 0.8740234359375 0.71875 0.8808593734375 0.7099609375 0.8681640625 0.703125
0 0.798828125 0.7099609375 0.7978515640625 0.705078125 0.7646484359375 0.6972656265625 0.7119140625 0.6992187515625 0.6943359375 0.6953124984375 0.6796875015625 0.6962890625 0.669921875 0.7001953109375 0.673828125 0.7041015640625 0.6748046890625 0.716796875 0.7099609375 0.716796875 0.7314453109375 0.7226562484375 0.7685546890625 0.7226562484375 0.7939453109375 0.71875 0.798828125 0.7099609375
0 0.7109375015625 0.7080078140625 0.7099609375 0.701171875 0.6962890625 0.6953124984375 0.6513671859375 0.6953124984375 0.6201171859375 0.6992187515625 0.6005859375 0.6953124984375 0.576171875 0.6962890625 0.5742187515625 0.7001953109375 0.5810546890625 0.7148437515625 0.6025390625 0.7148437515625 0.6337890625 0.720703125 0.6689453109375 0.720703125 0.6845703109375 0.7148437515625 0.7041015640625 0.7148437515625 0.7109375015625 0.7080078140625
0 0.5908203109375 0.6933593734375 0.564453125 0.6943359375 0.4990234359375 0.6992187515625 0.5 0.7138671859375 0.5029296890625 0.716796875 0.5810546890625 0.716796875 0.6142578140625 0.7148437515625 0.6191406265625 0.7080078140625 0.6162109375 0.701171875 0.5908203109375 0.6933593734375
0 0.533203125 0.7021484359375 0.5263671859375 0.6992187515625 0.4609375015625 0.6982421859375 0.4326171859375 0.6992187515625 0.4296875015625 0.7080078140625 0.4404296890625 0.7148437515625 0.4931640625 0.720703125 0.5048828140625 0.7148437515625 0.5283203109375 0.7148437515625 0.533203125 0.7060546890625 0.533203125 0.7021484359375
0 0.4091796890625 0.7226562484375 0.4228515640625 0.716796875 0.4541015640625 0.7148437515625 0.4589843734375 0.7119140625 0.4609375015625 0.7001953109375 0.4560546890625 0.6972656265625 0.4179687515625 0.6962890625 0.3935546890625 0.6992187515625 0.3408203109375 0.6972656265625 0.3212890625 0.6992187515625 0.3203124984375 0.7021484359375 0.3251953109375 0.716796875 0.3603515640625 0.716796875 0.3798828140625 0.7226562484375 0.4091796890625 0.7226562484375
0 0.3544921859375 0.6972656265625 0.2304687515625 0.6962890625 0.2265624984375 0.7001953109375 0.234375 0.7060546890625 0.234375 0.7138671859375 0.2392578140625 0.71875 0.3564453109375 0.71875 0.3671875015625 0.7099609375 0.3671875015625 0.7021484359375 0.3544921859375 0.6972656265625
0 0.2714843734375 0.7001953109375 0.2685546890625 0.6972656265625 0.2451171859375 0.6933593734375 0.2265624984375 0.6943359375 0.1630859375 0.701171875 0.15625 0.7060546890625 0.15625 0.7216796890625 0.2294921859375 0.7226562484375 0.2392578140625 0.71875 0.2626953109375 0.71875 0.2695312484375 0.7119140625 0.2714843734375 0.7001953109375
0 0.1767578140625 0.703125 0.1484375015625 0.7041015640625 0.12207031093750001 0.705078125 0.11328124843750001 0.7119140625 0.11328124843750001 0.7197265640625 0.1181640625 0.7246093734375 0.1279296890625 0.7265624984375 0.1533203109375 0.7265624984375 0.1796875015625 0.7099609375 0.1767578140625 0.703125
0 0.5634765640625 0.4746093734375 0.5234375015625 0.4736328140625 0.5078124984375 0.4814453109375 0.5078124984375 0.4873046890625 0.5166015640625 0.4941406265625 0.5537109375 0.498046875 0.5693359375 0.4960937515625 0.5742187515625 0.4912109375 0.5722656265625 0.4794921859375 0.5634765640625 0.4746093734375
0 0.623046875 0.4775390625 0.6123046890625 0.4804687515625 0.6054687515625 0.4873046890625 0.6123046890625 0.4960937515625 0.6552734359375 0.4960937515625 0.6640624984375 0.4931640625 0.6591796890625 0.484375 0.6474609375 0.4785156265625 0.623046875 0.4775390625
0 0.4755859375 0.470703125 0.451171875 0.4697265640625 0.4423828140625 0.470703125 0.4316406265625 0.4794921859375 0.4384765640625 0.4902343734375 0.4541015640625 0.4941406265625 0.4775390625 0.4941406265625 0.4902343734375 0.4853515640625 0.4882812484375 0.4775390625 0.4755859375 0.470703125
0 0.3652343734375 0.4716796890625 0.3496093734375 0.4814453109375 0.3496093734375 0.4873046890625 0.3642578140625 0.4960937515625 0.3955078140625 0.4941406265625 0.4052734359375 0.4902343734375 0.4121093734375 0.4814453109375 0.3994140625 0.470703125 0.3652343734375 0.4716796890625
0 0.3134765640625 0.470703125 0.2851562484375 0.4677734359375 0.2607421859375 0.4726562484375 0.2539062484375 0.4775390625 0.2539062484375 0.4873046890625 0.2607421859375 0.4941406265625 0.2822265640625 0.4960937515625 0.3095703109375 0.4902343734375 0.3203124984375 0.4814453109375 0.3134765640625 0.470703125
0 0.2246093734375 0.4755859375 0.2158203109375 0.46875 0.173828125 0.4677734359375 0.1591796890625 0.4726562484375 0.1523437515625 0.4794921859375 0.1552734359375 0.4882812484375 0.1708984359375 0.4941406265625 0.2041015640625 0.4941406265625 0.2177734359375 0.4921875015625 0.2265624984375 0.4833984359375 0.2246093734375 0.4755859375
0 0.1181640625 0.4726562484375 0.08203124843750001 0.4716796890625 0.07031249843750001 0.4814453109375 0.07226562656249999 0.4873046890625 0.08105468906249999 0.4941406265625 0.11035156406249999 0.498046875 0.1259765640625 0.4941406265625 0.1347656265625 0.4873046890625 0.1298828140625 0.4765624984375 0.1181640625 0.4726562484375