0 0.830078125 0.831597221875 0.8408203125 0.8576388890625 0.9375 0.855902778125 0.9169921875 0.8298611109375 0.830078125 0.831597221875
0 0.73828125 0.8524305562500001 0.7236328125 0.8333333328125001 0.638671875 0.831597221875 0.634765625 0.8454861109375 0.6552734375 0.8611111109375 0.73828125 0.8524305562500001
0 0.5400390625 0.8680555562500001 0.548828125 0.855902778125 0.5458984375 0.84375 0.5361328125 0.8368055562500001 0.46875 0.8385416671874999 0.4482421875 0.840277778125 0.443359375 0.8454861109375 0.44140625 0.855902778125 0.4443359375 0.8645833328125001 0.4580078125 0.871527778125 0.5283203125 0.871527778125 0.5302734375 0.8680555562500001 0.5400390625 0.8680555562500001
0 0.3330078125 0.8298611109375 0.3291015625 0.8333333328125001 0.3076171875 0.8333333328125001 0.3056640625 0.8298611109375 0.23828125 0.831597221875 0.234375 0.8385416671874999 0.234375 0.8454861109375 0.2392578125 0.8541666671874999 0.2490234375 0.8576388890625 0.3349609375 0.8576388890625 0.34375 0.8489583328125001 0.34375 0.8385416671874999 0.3330078125 0.8298611109375
0 0.0849609375 0.8194444437499999 0.0654296875 0.8125 0.041015625 0.8142361109375 0.037109375 0.8211805562500001 0.037109375 0.831597221875 0.0517578125 0.84375 0.1220703125 0.84375 0.126953125 0.8350694437499999 0.126953125 0.828125 0.1220703125 0.8194444437499999 0.0849609375 0.8194444437499999
0 0.0869140625 0.6180555562500001 0.052734375 0.6163194437499999 0.0361328125 0.6180555562500001 0.025390625 0.6336805562500001 0.025390625 0.640625 0.0283203125 0.6458333328125 0.0830078125 0.6458333328125 0.08984375 0.637152778125 0.08984375 0.6232638890625 0.0869140625 0.6180555562500001
0 0.1689453125 0.625 0.1611328125 0.621527778125 0.13671875 0.6232638890625 0.1318359375 0.625 0.126953125 0.6336805562500001 0.126953125 0.640625 0.1337890625 0.652777778125 0.1669921875 0.65625 0.173828125 0.644097221875 0.173828125 0.6336805562500001 0.1689453125 0.625
0 0.265625 0.6302083328125 0.2626953125 0.625 0.234375 0.6267361109375 0.2197265625 0.6354166671875 0.216796875 0.6475694437499999 0.2216796875 0.65625 0.2451171875 0.65625 0.2470703125 0.652777778125 0.2587890625 0.652777778125 0.265625 0.644097221875 0.265625 0.6302083328125
0 0.3310546875 0.625 0.3046875 0.6267361109375 0.30078125 0.6302083328125 0.298828125 0.644097221875 0.3095703125 0.65625 0.3369140625 0.659722221875 0.345703125 0.6475694437499999 0.345703125 0.640625 0.3408203125 0.6319444437499999 0.3310546875 0.625
0 0.390625 0.6336805562500001 0.380859375 0.6475694437499999 0.3828125 0.6579861109375 0.3896484375 0.6666666671875 0.4228515625 0.6666666671875 0.4296875 0.6579861109375 0.4267578125 0.6388888890625 0.4130859375 0.6319444437499999 0.390625 0.6336805562500001
0 0.482421875 0.640625 0.4765625 0.644097221875 0.4765625 0.6545138890625 0.4873046875 0.6666666671875 0.5166015625 0.6701388890625 0.529296875 0.6579861109375 0.529296875 0.6475694437499999 0.5224609375 0.6388888890625 0.482421875 0.640625
0 0.625 0.6579861109375 0.625 0.644097221875 0.6201171875 0.6354166671875 0.580078125 0.637152778125 0.57421875 0.644097221875 0.57421875 0.6545138890625 0.5810546875 0.6666666671875 0.5869140625 0.6701388890625 0.5986328125 0.6701388890625 0.6005859375 0.6736111109375 0.6181640625 0.6701388890625 0.625 0.6579861109375
0 0.689453125 0.640625 0.67578125 0.6475694437499999 0.67578125 0.6614583328125 0.6806640625 0.6701388890625 0.7119140625 0.6666666671875 0.720703125 0.6545138890625 0.720703125 0.644097221875 0.7177734375 0.6388888890625 0.689453125 0.640625
0 0.810546875 0.6475694437499999 0.8056640625 0.6354166671875 0.771484375 0.637152778125 0.7646484375 0.6388888890625 0.7578125 0.6475694437499999 0.7578125 0.6614583328125 0.7607421875 0.6666666671875 0.7666015625 0.6701388890625 0.7939453125 0.6701388890625 0.7998046875 0.6666666671875 0.810546875 0.6475694437499999
0 0.8837890625 0.6423611109375 0.8759765625 0.6388888890625 0.853515625 0.640625 0.849609375 0.6475694437499999 0.849609375 0.6579861109375 0.8583984375 0.6701388890625 0.8681640625 0.6736111109375 0.8837890625 0.6701388890625 0.890625 0.6579861109375 0.888671875 0.6475694437499999 0.8837890625 0.6423611109375
0 0.9482421875 0.6423611109375 0.927734375 0.644097221875 0.919921875 0.6510416671875 0.919921875 0.6649305562500001 0.9267578125 0.6736111109375 0.9482421875 0.6736111109375 0.958984375 0.6614583328125 0.958984375 0.6510416671875 0.9560546875 0.6458333328125 0.9482421875 0.6423611109375
0 0.9638671875 0.1145833328125 0.9599609375 0.1111111109375 0.951171875 0.112847221875 0.9375 0.13368055625 0.935546875 0.1510416671875 0.9404296875 0.15972222187500001 0.9501953125 0.15972222187500001 0.9580078125 0.15277777812499999 0.966796875 0.1302083328125 0.966796875 0.1197916671875 0.9638671875 0.1145833328125
0 0.9306640625 0.19444444375 0.919921875 0.19618055625 0.90234375 0.230902778125 0.90234375 0.24479166718749998 0.9052734375 0.25 0.9111328125 0.25 0.9189453125 0.24305555625 0.927734375 0.22743055625 0.93359375 0.206597221875 0.9306640625 0.19444444375
0 0.8916015625 0.28472222187499996 0.880859375 0.2864583328125 0.8720703125 0.2951388890625 0.861328125 0.3177083328125 0.861328125 0.33159722187499996 0.8662109375 0.34027777812500004 0.8818359375 0.3333333328125 0.89453125 0.3072916671875 0.89453125 0.28993055624999997 0.8916015625 0.28472222187499996
0 0.8369140625 0.3645833328125 0.830078125 0.36631944375000003 0.8193359375 0.36805555624999997 0.8076171875 0.37847222187499996 0.8046875 0.390625 0.8115234375 0.39930555624999997 0.8291015625 0.39930555624999997 0.8408203125 0.3923611109375 0.84375 0.3732638890625 0.8369140625 0.3645833328125
0 0.7666015625 0.30902777812500004 0.75390625 0.3107638890625 0.751953125 0.3177083328125 0.75390625 0.328125 0.7705078125 0.3541666671875 0.7822265625 0.3576388890625 0.787109375 0.3489583328125 0.787109375 0.33506944375000003 0.7724609375 0.3125 0.7666015625 0.30902777812500004
0 0.7197265625 0.22569444375 0.7158203125 0.222222221875 0.70703125 0.22395833281250002 0.705078125 0.22743055625 0.705078125 0.24479166718749998 0.712890625 0.265625 0.7236328125 0.28125 0.7333984375 0.28125 0.736328125 0.27256944375000003 0.734375 0.2517361109375 0.7197265625 0.22569444375
0 0.66015625 0.12673611093749998 0.658203125 0.14409722187500001 0.6708984375 0.1666666671875 0.6845703125 0.1770833328125 0.693359375 0.171875 0.6953125 0.15798611093749998 0.6826171875 0.13194444375 0.6748046875 0.125 0.66015625 0.12673611093749998
0 0.630859375 0.112847221875 0.6328125 0.10243055625 0.6279296875 0.090277778125 0.6240234375 0.08680555625 0.603515625 0.08854166718749999 0.5947265625 0.09375 0.58984375 0.10243055625 0.58984375 0.112847221875 0.5927734375 0.11805555625 0.6103515625 0.125 0.6123046875 0.121527778125 0.6220703125 0.121527778125 0.630859375 0.112847221875
0 0.5615234375 0.14930555625 0.552734375 0.1510416671875 0.5419921875 0.16319444375 0.537109375 0.17534722187500001 0.53515625 0.19965277812499999 0.5380859375 0.20486111093749998 0.5458984375 0.20138888906250002 0.56640625 0.16493055625 0.56640625 0.15798611093749998 0.5615234375 0.14930555625
0 0.529296875 0.26215277812500004 0.5244140625 0.25 0.51171875 0.2517361109375 0.5029296875 0.2604166671875 0.4921875 0.2829861109375 0.490234375 0.28993055624999997 0.4912109375 0.31597222187499996 0.4990234375 0.31944444375000003 0.5068359375 0.3125 0.52734375 0.27256944375000003 0.529296875 0.26215277812500004
0 0.4677734375 0.3576388890625 0.462890625 0.359375 0.4384765625 0.375 0.43359375 0.38368055624999997 0.43359375 0.390625 0.4365234375 0.3958333328125 0.4560546875 0.3958333328125 0.4716796875 0.3854166671875 0.474609375 0.36631944375000003 0.4677734375 0.3576388890625
0 0.359375 0.3454861109375 0.357421875 0.35590277812500004 0.3662109375 0.375 0.3759765625 0.38194444375000003 0.3935546875 0.38194444375000003 0.396484375 0.3732638890625 0.3935546875 0.3611111109375 0.3779296875 0.34375 0.359375 0.3454861109375
0 0.2802734375 0.1076388890625 0.2724609375 0.10069444375 0.265625 0.10243055625 0.263671875 0.11631944375 0.267578125 0.1302083328125 0.2841796875 0.15972222187500001 0.2978515625 0.16319444375 0.30078125 0.15798611093749998 0.30078125 0.14409722187500001 0.2958984375 0.13194444375 0.2802734375 0.1076388890625
0 0.23828125 0.06423611093750001 0.2294921875 0.05208333281250001 0.2109375 0.050347221875 0.1962890625 0.055555556250000006 0.19140625 0.06423611093750001 0.19140625 0.07118055625 0.1962890625 0.07986111093750001 0.2041015625 0.08333333281250001 0.2294921875 0.08333333281250001 0.23828125 0.07118055625 0.23828125 0.06423611093750001
0 0.328125 0.24826388906250002 0.3154296875 0.22569444375 0.3115234375 0.222222221875 0.3046875 0.22395833281250002 0.302734375 0.22743055625 0.302734375 0.24826388906250002 0.306640625 0.26215277812500004 0.3232421875 0.2916666671875 0.3310546875 0.2916666671875 0.333984375 0.2864583328125 0.333984375 0.26909722187499996 0.328125 0.24826388906250002
0 0.16796875 0.09895833281250001 0.1630859375 0.090277778125 0.154296875 0.09201388906249999 0.1455078125 0.10069444375 0.134765625 0.1197916671875 0.130859375 0.140625 0.1357421875 0.14930555625 0.1416015625 0.14930555625 0.1494140625 0.14236111093749998 0.16796875 0.105902778125 0.16796875 0.09895833281250001
0 0.109375 0.24131944375 0.12109375 0.21701388906250002 0.1201171875 0.20486111093749998 0.1162109375 0.20138888906250002 0.109375 0.203125 0.1015625 0.21354166718749998 0.095703125 0.234375 0.0859375 0.2552083328125 0.083984375 0.27256944375000003 0.0888671875 0.28125 0.0927734375 0.28125 0.103515625 0.26215277812500004 0.109375 0.24131944375
0 0.0732421875 0.33680555624999997 0.06640625 0.3385416671875 0.041015625 0.38368055624999997 0.041015625 0.39756944375000003 0.0439453125 0.40277777812500004 0.0478515625 0.40625 0.0556640625 0.39930555624999997 0.076171875 0.359375 0.078125 0.3454861109375 0.0732421875 0.33680555624999997