0 0.5498046875 0 0.53515625 0.001220703125 0.5322265625 0.04150390625 0.5458984375 0.0439453125 0.55078125 0.037841796875 0.5498046875 0
0 0.5498046875 0.04150390625 0.533203125 0.050048828125 0.5341796875 0.08056640625 0.5380859375 0.08544921875 0.55078125 0.081787109375 0.5498046875 0.04150390625
0 0.5478515625 0.087890625 0.53515625 0.093994140625 0.5322265625 0.15869140625 0.548828125 0.152587890625 0.55078125 0.091552734375 0.5478515625 0.087890625
0 0.548828125 0.216064453125 0.55078125 0.167236328125 0.5458984375 0.15380859375 0.533203125 0.159912109375 0.5322265625 0.2001953125 0.5400390625 0.21728515625 0.548828125 0.216064453125
0 0.525390625 0.240478515625 0.5263671875 0.26611328125 0.537109375 0.286865234375 0.537109375 0.301513671875 0.5419921875 0.302734375 0.546875 0.294189453125 0.548828125 0.272216796875 0.546875 0.228271484375 0.5341796875 0.21728515625 0.525390625 0.240478515625
0 0.54296875 0.416259765625 0.546875 0.374755859375 0.5439453125 0.34423828125 0.53125 0.352783203125 0.5302734375 0.4052734375 0.5361328125 0.42236328125 0.54296875 0.416259765625
0 0.525390625 0.489501953125 0.5263671875 0.5419921875 0.529296875 0.557861328125 0.5361328125 0.56640625 0.544921875 0.552978515625 0.546875 0.526123046875 0.544921875 0.472412109375 0.5380859375 0.4638671875 0.53125 0.467529296875 0.525390625 0.489501953125
0 0.529296875 0.721435546875 0.5380859375 0.72998046875 0.54296875 0.723876953125 0.548828125 0.653076171875 0.5361328125 0.6201171875 0.52734375 0.638427734375 0.5244140625 0.6884765625 0.529296875 0.721435546875
0 0.5263671875 0.87890625 0.5361328125 0.8984375 0.54296875 0.894775390625 0.548828125 0.855712890625 0.548828125 0.802001953125 0.5400390625 0.7861328125 0.533203125 0.787353515625 0.52734375 0.804443359375 0.5263671875 0.87890625
0 0.5419921875 0.95458984375 0.533203125 0.958251953125 0.5283203125 0.99853515625 0.552734375 0.997314453125 0.55078125 0.972900390625 0.5419921875 0.95458984375
0 0.822265625 0.047607421875 0.8212890625 0.08056640625 0.82421875 0.096435546875 0.8310546875 0.10009765625 0.845703125 0.054931640625 0.853515625 0.015869140625 0.8525390625 0 0.83203125 0.001220703125 0.83203125 0.020751953125 0.822265625 0.047607421875
0 0.8447265625 0.07080078125 0.837890625 0.076904296875 0.8291015625 0.1171875 0.8315298906249999 0.15283610625 0.84765625 0.125732421875 0.8447265625 0.07080078125
0 0.8457767 0.12885144843750002 0.8392012093749999 0.143927496875 0.8260503531250001 0.15694775 0.8203125 0.16303878125 0.8125 0.2045426875 0.8134765625 0.237501671875 0.8154296875 0.244825890625 0.822265625 0.24116378125 0.8310546875 0.210646203125 0.8326258015624999 0.20217595156249998 0.833984375 0.1947770625 0.8515625 0.141066125 0.8490644140624999 0.12473980312499999 0.8457767 0.12885144843750002
0 0.8173828125 0.2734375 0.8232421875 0.28076171875 0.8291015625 0.2783203125 0.837890625 0.262451171875 0.8330078125 0.20263671875 0.828125 0.206298828125 0.822265625 0.235595703125 0.81640625 0.242919921875 0.8173828125 0.2734375
0 0.8134765625 0.35400390625 0.8193359375 0.35400390625 0.83203125 0.338134765625 0.837890625 0.313720703125 0.83984375 0.272216796875 0.8349609375 0.26123046875 0.8178310484375 0.2946882015625 0.8125 0.313720703125 0.8134765625 0.35400390625
0 0.8310546875 0.3369140625 0.814453125 0.355224609375 0.8154296875 0.400390625 0.8251953125 0.400390625 0.833984375 0.386962890625 0.8310546875 0.3369140625
0 0.8293380875 0.391997415625 0.817283059375 0.41255569375 0.8081651531249999 0.46875 0.8130479671874999 0.489501953125 0.8179307781249999 0.49072265625 0.8267198406249999 0.467529296875 0.8353655718749999 0.45641336250000003 0.8384385906249999 0.445556640625 0.8384385906249999 0.389404296875 0.8335557781249999 0.37353515625 0.8293380875 0.391997415625
0 0.8154296875 0.53466796875 0.81640625 0.545654296875 0.8212890625 0.546875 0.8315298906249999 0.5311084484374999 0.8326258015624999 0.5201439921875 0.8310546875 0.458984375 0.826171875 0.462646484375 0.814453125 0.499267578125 0.8154296875 0.53466796875
0 0.8187880890624999 0.55570005625 0.80859375 0.574951171875 0.8095703125 0.6005859375 0.8134765625 0.615234375 0.8313910218749999 0.59064911875 0.837890625 0.562744140625 0.8349609375 0.52734375 0.8270073953124999 0.5351417781250001 0.8248155296874999 0.5419945375 0.8198839796874999 0.5515883578125 0.8187880890624999 0.55570005625
0 0.8212890625 0.65673828125 0.83203125 0.650634765625 0.8330078125 0.58837890625 0.8125 0.611572265625 0.8115234375 0.63232421875 0.8125 0.645751953125 0.8212890625 0.65673828125
0 0.8330078125 0.63232421875 0.8248155296874999 0.6564355953125001 0.8155003546874999 0.6797349890625 0.8095703125 0.7421875 0.8134765625 0.75927734375 0.8198839796874999 0.74620673125 0.8220757609374999 0.733871796875 0.8302950671874999 0.713998784375 0.833984375 0.701904296875 0.83984375 0.655517578125 0.837890625 0.638427734375 0.8330078125 0.63232421875
0 0.8203125 0.806884765625 0.8302950671874999 0.799658275 0.8330348359374999 0.774303034375 0.8359375 0.738525390625 0.8310546875 0.712890625 0.8125 0.755615234375 0.8134765625 0.78369140625 0.8203125 0.806884765625
0 0.8134765625 0.88134765625 0.8232421875 0.90087890625 0.8308430546875 0.86818586875 0.83203125 0.850830078125 0.8396103265624999 0.77841473125 0.834678734375 0.7722472390624999 0.8215278578125 0.8106226812499999 0.8125 0.843505859375 0.8134765625 0.88134765625
0 0.818359375 0.889892578125 0.8193359375 0.93017578125 0.82421875 0.946044921875 0.8291015625 0.947265625 0.83984375 0.936279296875 0.841796875 0.926513671875 0.83984375 0.880126953125 0.8310546875 0.859375 0.82421875 0.885009765625 0.818359375 0.889892578125
0 0.837890625 0.994873046875 0.841796875 0.963134765625 0.8388671875 0.92041015625 0.8237196593749999 0.953845359375 0.82421875 0.943603515625 0.81640625 0.965576171875 0.8154296875 0.99853515625 0.837890625 0.994873046875