0 0.103515625 0.1052734375 0.1474609375 0.1011718765625 0.158203125 0.0888671875 0.1123046875 0.0792968765625 0.083984375 0.0943359375 0.0869140625 0.1066406234375 0.103515625 0.1052734375
0 0.2236328125 0.1066406234375 0.24609375 0.1080078125 0.2666015625 0.10390625 0.2734375 0.0943359375 0.2646484375 0.0847656234375 0.2373046875 0.0792968765625 0.21484375 0.0916015625 0.2236328125 0.1066406234375
0 0.3564453125 0.1011718765625 0.392578125 0.1025390625 0.4130859375 0.09570312343750001 0.4140625 0.0861328125 0.3974609375 0.0765625 0.3505859375 0.0765625 0.341796875 0.0888671875 0.3564453125 0.1011718765625
0 0.521484375 0.0943359375 0.5361328125 0.0902343765625 0.541015625 0.0779296875 0.5087890625 0.06835937656249999 0.47265625 0.0806640625 0.4775390625 0.09570312343750001 0.521484375 0.0943359375
0 0.611328125 0.0888671875 0.6201171875 0.09570312343750001 0.66015625 0.0943359375 0.6826171875 0.0902343765625 0.69140625 0.0779296875 0.6767578125 0.06835937656249999 0.6591796875 0.06835937656249999 0.611328125 0.0806640625 0.611328125 0.0888671875
0 0.833984375 0.0916015625 0.83984375 0.0779296875 0.8330078125 0.07109375 0.7744140625 0.07109375 0.763671875 0.0833984375 0.7685546875 0.09296875 0.833984375 0.0916015625
0 0.96484375 0.0943359375 0.9365234375 0.0792968765625 0.8984375 0.0806640625 0.9013671875 0.09570312343750001 0.951171875 0.1052734375 0.96484375 0.0943359375
0 0.142578125 0.2830078125 0.1484375 0.2775390625 0.1455078125 0.2652343765625 0.0400390625 0.2625 0.03125 0.2693359375 0.0458984375 0.284375 0.142578125 0.2830078125
0 0.34375 0.2775390625 0.349609375 0.2666015625 0.3349609375 0.25703125 0.2607421875 0.2542968765625 0.2421875 0.2638671875 0.2509765625 0.2761718765625 0.34375 0.2775390625
0 0.44140625 0.2529296875 0.4462890625 0.2652343765625 0.474609375 0.2666015625 0.5361328125 0.2652343765625 0.5478515625 0.2625 0.552734375 0.2529296875 0.5419921875 0.2433593765625 0.4658203125 0.2433593765625 0.44140625 0.2529296875
0 0.654296875 0.2556640625 0.6611328125 0.26796875 0.736328125 0.2693359375 0.7666015625 0.26796875 0.771484375 0.2529296875 0.7666015625 0.24609375 0.7275390625 0.2433593765625 0.6689453125 0.24609375 0.654296875 0.2556640625
0 0.9765625 0.2720703125 0.978515625 0.2638671875 0.9619140625 0.2515625 0.8916015625 0.2515625 0.8828125 0.2611328125 0.8876953125 0.2707031234375 0.9765625 0.2720703125
0 0.041015625 0.4416015625 0.0546875 0.4306640625 0.0458984375 0.4183593765625 0.0244140625 0.4183593765625 0.013671875 0.4279296875 0.0146484375 0.4375 0.041015625 0.4416015625
0 0.1171875 0.4416015625 0.126953125 0.4361328125 0.1201171875 0.42109375 0.0986328125 0.4183593765625 0.0859375 0.4279296875 0.0888671875 0.4375 0.1171875 0.4416015625
0 0.208984375 0.4416015625 0.224609375 0.4333984375 0.2197265625 0.4183593765625 0.1904296875 0.415625 0.16796875 0.4361328125 0.1708984375 0.44296875 0.208984375 0.4416015625
0 0.283203125 0.4361328125 0.3037109375 0.4347656234375 0.310546875 0.4197265625 0.2919921875 0.4128906234375 0.263671875 0.4224609375 0.2646484375 0.4375 0.283203125 0.4361328125
0 0.388671875 0.4361328125 0.4130859375 0.4347656234375 0.416015625 0.4251953125 0.4013671875 0.4128906234375 0.365234375 0.4169921875 0.3662109375 0.4347656234375 0.388671875 0.4361328125
0 0.4677734375 0.43203125 0.50390625 0.4306640625 0.5185546875 0.4292968765625 0.51953125 0.4224609375 0.5029296875 0.41015625 0.4716796875 0.41015625 0.462890625 0.4197265625 0.4677734375 0.43203125
0 0.619140625 0.4197265625 0.6103515625 0.41015625 0.5703125 0.4142578125 0.5732421875 0.4292968765625 0.607421875 0.4306640625 0.619140625 0.4197265625
0 0.69921875 0.4361328125 0.705078125 0.4224609375 0.6962890625 0.415625 0.6630859375 0.4128906234375 0.65625 0.4224609375 0.6650390625 0.4347656234375 0.69921875 0.4361328125
0 0.765625 0.4361328125 0.7861328125 0.4292968765625 0.791015625 0.4169921875 0.7685546875 0.41015625 0.740234375 0.4224609375 0.7451171875 0.4375 0.765625 0.4361328125
0 0.8408203125 0.43203125 0.87109375 0.4333984375 0.8837890625 0.4292968765625 0.884765625 0.4197265625 0.8623046875 0.41015625 0.8427734375 0.41015625 0.837890625 0.4169921875 0.8408203125 0.43203125
0 0.9365234375 0.4375 0.978515625 0.4361328125 0.9921875 0.4224609375 0.9892578125 0.4128906234375 0.9326171875 0.415625 0.923828125 0.4224609375 0.9267578125 0.4347656234375 0.9365234375 0.4375
0 0.0166015625 0.88046875 0.025390625 0.8791015625 0.0390625 0.8599609375 0.041015625 0.8490234375 0.0361328125 0.8421875 0.0224609375 0.84765625 0.013671875 0.8681640625 0.0166015625 0.88046875
0 0.072265625 0.7861328125 0.0732421875 0.765625 0.046875 0.7970703125 0.046875 0.8107421875 0.0546875 0.8107421875 0.072265625 0.7861328125
0 0.095703125 0.7341796875 0.115234375 0.7095703125 0.1142578125 0.6917968765625 0.0986328125 0.6972656234375 0.0859375 0.7177734375 0.0859375 0.7341796875 0.095703125 0.7341796875
0 0.146484375 0.6658203125 0.1689453125 0.6589843765625 0.177734375 0.6466796875 0.1708984375 0.63984375 0.1455078125 0.6425781234375 0.13671875 0.6603515625 0.146484375 0.6658203125
0 0.23046875 0.7123046875 0.23046875 0.6986328125 0.2138671875 0.678125 0.2041015625 0.67265625 0.197265625 0.6822265625 0.2060546875 0.7027343765625 0.23046875 0.7123046875
0 0.2744140625 0.78203125 0.28125 0.7806640625 0.283203125 0.7724609375 0.2734375 0.7533203125 0.2568359375 0.7355468765625 0.251953125 0.7423828125 0.255859375 0.7587890625 0.2744140625 0.78203125
0 0.333984375 0.8599609375 0.333984375 0.8490234375 0.3154296875 0.82578125 0.296875 0.8271484375 0.296875 0.8408203125 0.3076171875 0.8558593765625 0.333984375 0.8599609375
0 0.3681640625 0.8886718765625 0.388671875 0.8873046875 0.4033203125 0.88046875 0.40625 0.8708984375 0.3857421875 0.8640625 0.3701171875 0.8667968765625 0.36328125 0.8763671875 0.3681640625 0.8886718765625
0 0.44140625 0.8380859375 0.4609375 0.8162109375 0.4599609375 0.79296875 0.4541015625 0.79296875 0.4296875 0.8271484375 0.4326171875 0.83671875 0.44140625 0.8380859375
0 0.470703125 0.7505859375 0.4765625 0.7533203125 0.4912109375 0.74375 0.50390625 0.7232421875 0.5078125 0.7041015625 0.5029296875 0.6972656234375 0.470703125 0.7396484375 0.470703125 0.7505859375
0 0.5390625 0.6603515625 0.5615234375 0.6480468765625 0.568359375 0.6357421875 0.5478515625 0.62890625 0.525390625 0.6466796875 0.5283203125 0.66171875 0.5390625 0.6603515625
0 0.646484375 0.6712890625 0.6376953125 0.6480468765625 0.6201171875 0.63984375 0.607421875 0.6439453125 0.607421875 0.6548828125 0.6240234375 0.6699218765625 0.646484375 0.6712890625
0 0.703125 0.7697265625 0.703125 0.7478515625 0.6865234375 0.7191406234375 0.6767578125 0.7136718765625 0.67578125 0.7369140625 0.6962890625 0.77109375 0.703125 0.7697265625
0 0.7392578125 0.86953125 0.748046875 0.8681640625 0.74609375 0.8544921875 0.7236328125 0.8230468765625 0.708984375 0.8244140625 0.7109375 0.8380859375 0.7275390625 0.85859375 0.7392578125 0.86953125
0 0.7802734375 0.9078125 0.806640625 0.9091796875 0.8193359375 0.9050781234375 0.82421875 0.8927734375 0.7958984375 0.8832031234375 0.7822265625 0.8859375 0.775390625 0.8955078125 0.7802734375 0.9078125
0 0.859375 0.8736328125 0.8828125 0.8462890625 0.8818359375 0.8285156234375 0.8701171875 0.8339843765625 0.849609375 0.8626953125 0.8544921875 0.875 0.859375 0.8736328125
0 0.8994140625 0.78203125 0.90625 0.7806640625 0.916015625 0.7724609375 0.931640625 0.7369140625 0.93359375 0.7205078125 0.9287109375 0.7136718765625 0.896484375 0.7697265625 0.8994140625 0.78203125
0 0.9443359375 0.6671875 0.955078125 0.6658203125 0.9765625 0.6302734375 0.978515625 0.6193359375 0.9736328125 0.6125 0.9658203125 0.6152343765625 0.94140625 0.6548828125 0.9443359375 0.6671875