0 0.0058593734375 0.0869140625 0.033203125 0.0693359375 0.0009765640625 0.064453125 0.0058593734375 0.0869140625
0 0.125 0.0712890625 0.06640624843750001 0.07519531093750001 0.091796875 0.09082031093750001 0.12207031093750001 0.08593750156249999 0.125 0.0712890625
0 0.189453125 0.09082031093750001 0.2246093734375 0.07519531093750001 0.15625 0.0712890625 0.189453125 0.09082031093750001
0 0.251953125 0.07519531093750001 0.2607421859375 0.08984375156249999 0.298828125 0.08886718593750001 0.3203124984375 0.0712890625 0.251953125 0.07519531093750001
0 0.361328125 0.07519531093750001 0.3632812484375 0.08300781406249999 0.3720703109375 0.08789062656249999 0.4052734359375 0.09375 0.421875 0.09277343593750001 0.4423828140625 0.08789062656249999 0.4453124984375 0.07714843593750001 0.4267578140625 0.06835937343750001 0.4111328140625 0.06640624843750001 0.3701171859375 0.06835937343750001 0.361328125 0.07519531093750001
0 0.4931640625 0.07031249843750001 0.484375 0.07519531093750001 0.482421875 0.08105468906249999 0.4892578140625 0.08984375156249999 0.5078124984375 0.09277343593750001 0.5576171859375 0.08593750156249999 0.5683593734375 0.07910156406249999 0.5683593734375 0.07324218593750001 0.5595703109375 0.06640624843750001 0.5361328140625 0.064453125 0.4931640625 0.07031249843750001
0 0.591796875 0.07714843593750001 0.591796875 0.08300781406249999 0.6005859375 0.08984375156249999 0.6308593734375 0.09082031093750001 0.6689453109375 0.08398437343750001 0.6757812484375 0.07519531093750001 0.6669921859375 0.06640624843750001 0.6318359375 0.06640624843750001 0.6005859375 0.07031249843750001 0.591796875 0.07714843593750001
0 0.6972656265625 0.07519531093750001 0.6992187515625 0.08300781406249999 0.7041015640625 0.08593750156249999 0.7441406265625 0.0869140625 0.7646484359375 0.08203124843750001 0.7714843734375 0.0712890625 0.7646484359375 0.064453125 0.7333984359375 0.064453125 0.7041015640625 0.06835937343750001 0.6972656265625 0.07519531093750001
0 0.8037109375 0.060546875 0.794921875 0.0693359375 0.794921875 0.07519531093750001 0.8056640625 0.08203124843750001 0.8359375015625 0.08105468906249999 0.8544921859375 0.076171875 0.861328125 0.06542968906249999 0.859375 0.0615234359375 0.8525390625 0.0566406265625 0.8271484359375 0.0566406265625 0.8037109375 0.060546875
0 0.001953125 0.2998046890625 0.047851564062500004 0.296875 0.0527343734375 0.2939453109375 0.0546875015625 0.2822265640625 0.045898435937499996 0.2773437515625 0.0009765640625 0.2714843734375 0.001953125 0.2998046890625
0 0.0615234359375 0.2714843734375 0.047851564062500004 0.279296875 0.041015626562500004 0.2900390625 0.049804689062500004 0.296875 0.142578125 0.2958984359375 0.1464843734375 0.2919921859375 0.1445312484375 0.2802734359375 0.1376953109375 0.2753906265625 0.10644531093750001 0.2773437515625 0.0849609375 0.2714843734375 0.0615234359375 0.2714843734375
0 0.1259765640625 0.28125 0.11914062656249999 0.2900390625 0.1318359375 0.296875 0.1943359375 0.294921875 0.2177734359375 0.298828125 0.236328125 0.2978515640625 0.2382812484375 0.2841796890625 0.2353515640625 0.28125 0.1962890625 0.279296875 0.1630859375 0.2734375015625 0.1396484359375 0.2753906265625 0.1259765640625 0.28125
0 0.2314453109375 0.2773437515625 0.2060546890625 0.28125 0.201171875 0.2900390625 0.2021484359375 0.294921875 0.2353515640625 0.3027343734375 0.2880859375 0.3007812484375 0.3056640625 0.3046875015625 0.3203124984375 0.3037109375 0.330078125 0.2998046890625 0.326171875 0.2958984359375 0.3251953109375 0.283203125 0.2900390625 0.283203125 0.2685546890625 0.2773437515625 0.2314453109375 0.2773437515625
0 0.3154296890625 0.2851562484375 0.2958984359375 0.2851562484375 0.2890624984375 0.2919921859375 0.2900390625 0.298828125 0.3037109375 0.3046875015625 0.3486328140625 0.3046875015625 0.3798828140625 0.3007812484375 0.3994140625 0.3046875015625 0.423828125 0.3037109375 0.4257812484375 0.2998046890625 0.4189453109375 0.2851562484375 0.3974609375 0.2851562484375 0.3662109375 0.279296875 0.3310546890625 0.279296875 0.3154296890625 0.2851562484375
0 0.3808593734375 0.2919921859375 0.3837890625 0.298828125 0.4091796890625 0.3066406265625 0.435546875 0.3056640625 0.5009765640625 0.3007812484375 0.5 0.2861328140625 0.4970703109375 0.283203125 0.4189453109375 0.283203125 0.3857421859375 0.2851562484375 0.3808593734375 0.2919921859375
0 0.4716796890625 0.2851562484375 0.466796875 0.2939453109375 0.466796875 0.2978515640625 0.4736328140625 0.3007812484375 0.5390624984375 0.3017578140625 0.5673828140625 0.3007812484375 0.5703124984375 0.2919921859375 0.5595703109375 0.2851562484375 0.5068359375 0.279296875 0.4951171859375 0.2851562484375 0.4716796890625 0.2851562484375
0 0.6396484359375 0.283203125 0.6201171859375 0.2773437515625 0.5908203109375 0.2773437515625 0.5771484359375 0.283203125 0.5458984359375 0.2851562484375 0.5410156265625 0.2880859375 0.5390624984375 0.2998046890625 0.5439453109375 0.3027343734375 0.5820312484375 0.3037109375 0.6064453109375 0.3007812484375 0.6591796890625 0.3027343734375 0.6787109375 0.3007812484375 0.6796875015625 0.2978515640625 0.6748046890625 0.283203125 0.6396484359375 0.283203125
0 0.6328124984375 0.2900390625 0.6328124984375 0.2978515640625 0.6455078140625 0.3027343734375 0.7695312484375 0.3037109375 0.7734375015625 0.2998046890625 0.765625 0.2939453109375 0.765625 0.2861328140625 0.7607421859375 0.28125 0.6435546890625 0.28125 0.6328124984375 0.2900390625
0 0.7373046890625 0.28125 0.7304687515625 0.2880859375 0.7285156265625 0.2998046890625 0.7314453109375 0.3027343734375 0.7548828140625 0.3066406265625 0.7734375015625 0.3056640625 0.8369140625 0.298828125 0.84375 0.2939453109375 0.84375 0.2783203109375 0.7705078140625 0.2773437515625 0.7607421859375 0.28125 0.7373046890625 0.28125
0 0.8466796890625 0.2734375015625 0.8203124984375 0.2900390625 0.8232421859375 0.296875 0.8515624984375 0.2958984359375 0.8779296890625 0.294921875 0.8867187515625 0.2880859375 0.8867187515625 0.2802734359375 0.8818359375 0.2753906265625 0.8720703109375 0.2734375015625 0.8466796890625 0.2734375015625
0 0.4257812484375 0.5087890625 0.4277343734375 0.5205078140625 0.4365234359375 0.5253906265625 0.4765624984375 0.5263671859375 0.4921875015625 0.5185546890625 0.4921875015625 0.5126953109375 0.4833984359375 0.5058593734375 0.4462890625 0.501953125 0.4306640625 0.5039062484375 0.4257812484375 0.5087890625
0 0.3408203109375 0.515625 0.3525390625 0.5214843734375 0.376953125 0.5224609375 0.3876953109375 0.5195312484375 0.3945312484375 0.5126953109375 0.3876953109375 0.5039062484375 0.3447265640625 0.5039062484375 0.3359375015625 0.5068359375 0.3408203109375 0.515625
0 0.5097656265625 0.5146484359375 0.5117187515625 0.5224609375 0.5244140625 0.529296875 0.548828125 0.5302734359375 0.5576171859375 0.529296875 0.5683593734375 0.5205078140625 0.5615234359375 0.5097656265625 0.5458984359375 0.5058593734375 0.5224609375 0.5058593734375 0.5097656265625 0.5146484359375
0 0.5878906265625 0.5185546890625 0.6005859375 0.529296875 0.6347656265625 0.5283203109375 0.6503906265625 0.5185546890625 0.6503906265625 0.5126953109375 0.6357421859375 0.5039062484375 0.6044921859375 0.5058593734375 0.5947265640625 0.5097656265625 0.5878906265625 0.5185546890625
0 0.6904296890625 0.5097656265625 0.6796875015625 0.5185546890625 0.6865234359375 0.529296875 0.7148437515625 0.5322265640625 0.7392578140625 0.5273437515625 0.7460937515625 0.5224609375 0.7460937515625 0.5126953109375 0.7392578140625 0.5058593734375 0.7177734359375 0.5039062484375 0.6904296890625 0.5097656265625
0 0.7822265640625 0.5078124984375 0.7734375015625 0.5166015640625 0.7753906265625 0.5244140625 0.7841796890625 0.53125 0.826171875 0.5322265640625 0.8408203109375 0.5273437515625 0.8476562484375 0.5205078140625 0.8447265640625 0.5117187515625 0.8291015640625 0.5058593734375 0.7958984359375 0.5058593734375 0.7822265640625 0.5078124984375
0 0.8652343734375 0.5126953109375 0.8701171859375 0.5234375015625 0.8818359375 0.5273437515625 0.9179687515625 0.5283203109375 0.9296875015625 0.5185546890625 0.9277343734375 0.5126953109375 0.9189453109375 0.5058593734375 0.8896484359375 0.501953125 0.8740234359375 0.5058593734375 0.8652343734375 0.5126953109375