0 0.4596354171875 0 0.4583333328125 0.0009765625 0.4583333328125 0.0029296875 0.4609375 0.0048828125 0.4609375 0.0302734375 0.46484375 0.033203125 0.4674479171875 0.033203125 0.46875 0.0322265625 0.4713541671875 0.0302734375 0.4713541671875 0.0185546875 0.46875 0.0166015625 0.46875 0.0009765625 0.4674479171875 0 0.4596354171875 0
0 0.4609375 0.0322265625 0.4609375 0.0400390625 0.4635416671875 0.0419921875 0.4635416671875 0.0615234375 0.4661458328125 0.0634765625 0.4661458328125 0.0732421875 0.4674479171875 0.07421875 0.47265625 0.07421875 0.4739583328125 0.0732421875 0.4739583328125 0.0478515625 0.4713541671875 0.0458984375 0.4713541671875 0.0322265625 0.4674479171875 0.029296875 0.46484375 0.029296875 0.4609375 0.0322265625
0 0.4739583328125 0.0810546875 0.4713541671875 0.0791015625 0.4713541671875 0.0771484375 0.4700520828125 0.076171875 0.4674479171875 0.076171875 0.4661458328125 0.0771484375 0.4661458328125 0.0986328125 0.46875 0.1005859375 0.46875 0.1103515625 0.4713541671875 0.1123046875 0.4713541671875 0.1181640625 0.47265625 0.119140625 0.4752604171875 0.119140625 0.4765625 0.1181640625 0.4791666671875 0.1162109375 0.4791666671875 0.1064453125 0.4765625 0.1044921875 0.4765625 0.0927734375 0.4739583328125 0.0908203125 0.4739583328125 0.0810546875
0 0.4791666671875 0.1201171875 0.4791666671875 0.1181640625 0.4765625 0.1162109375 0.4765625 0.1142578125 0.4752604171875 0.11328125 0.47265625 0.11328125 0.4713541671875 0.1142578125 0.4713541671875 0.1298828125 0.4739583328125 0.1318359375 0.4739583328125 0.1396484375 0.4765625 0.1416015625 0.4765625 0.1552734375 0.4791666671875 0.1572265625 0.4791666671875 0.1591796875 0.48046875 0.16015625 0.4856770828125 0.16015625 0.4869791671875 0.1591796875 0.4869791671875 0.1474609375 0.484375 0.1455078125 0.484375 0.1318359375 0.4817708328125 0.1298828125 0.4817708328125 0.1220703125 0.4791666671875 0.1201171875
0 0.4869791671875 0.1669921875 0.4869791671875 0.1591796875 0.4830729171875 0.15625 0.48046875 0.15625 0.4791666671875 0.1572265625 0.4791666671875 0.1865234375 0.4817708328125 0.1884765625 0.4817708328125 0.2021484375 0.4830729171875 0.203125 0.48828125 0.203125 0.4895833328125 0.2021484375 0.4895833328125 0.1943359375 0.4921875 0.1923828125 0.4921875 0.1884765625 0.4895833328125 0.1865234375 0.4895833328125 0.1689453125 0.4869791671875 0.1669921875
0 0.4895833328125 0.2021484375 0.48828125 0.201171875 0.4830729171875 0.201171875 0.4817708328125 0.2021484375 0.4817708328125 0.2255859375 0.484375 0.2275390625 0.484375 0.2490234375 0.48828125 0.251953125 0.4908854171875 0.251953125 0.4921875 0.2509765625 0.4947916671875 0.2490234375 0.4947916671875 0.2197265625 0.4921875 0.2177734375 0.4921875 0.2060546875 0.4895833328125 0.2041015625 0.4895833328125 0.2021484375
0 0.4921875 0.2470703125 0.4921875 0.2451171875 0.4908854171875 0.244140625 0.48828125 0.244140625 0.484375 0.2470703125 0.484375 0.2744140625 0.4869791671875 0.2763671875 0.4869791671875 0.2939453125 0.4908854171875 0.296875 0.4934895828125 0.296875 0.4947916671875 0.2958984375 0.4947916671875 0.2919921875 0.4973958328125 0.2900390625 0.4973958328125 0.2646484375 0.4947916671875 0.2626953125 0.4947916671875 0.2490234375 0.4921875 0.2470703125
0 0.4947916671875 0.2919921875 0.4947916671875 0.2880859375 0.4934895828125 0.287109375 0.48828125 0.287109375 0.4869791671875 0.2880859375 0.4869791671875 0.3115234375 0.4895833328125 0.3134765625 0.4895833328125 0.3291015625 0.4934895828125 0.33203125 0.49609375 0.33203125 0.4973958328125 0.3310546875 0.4973958328125 0.3212890625 0.5 0.3193359375 0.5 0.3173828125 0.4973958328125 0.3154296875 0.4973958328125 0.2939453125 0.4947916671875 0.2919921875
0 0.5 0.3271484375 0.49609375 0.32421875 0.4934895828125 0.32421875 0.4895833328125 0.3271484375 0.4895833328125 0.3466796875 0.4921875 0.3486328125 0.4921875 0.3662109375 0.4947916671875 0.3681640625 0.4947916671875 0.3759765625 0.4986979171875 0.37890625 0.5 0.3779296875 0.5052083328125 0.3740234375 0.5052083328125 0.3505859375 0.5026041671875 0.3486328125 0.5026041671875 0.3330078125 0.5 0.3310546875 0.5 0.3271484375
0 0.5052083328125 0.3779296875 0.5052083328125 0.3740234375 0.5026041671875 0.3720703125 0.5026041671875 0.3701171875 0.5013020828125 0.369140625 0.4986979171875 0.369140625 0.4973958328125 0.3701171875 0.4973958328125 0.3720703125 0.4947916671875 0.3740234375 0.4947916671875 0.3798828125 0.4973958328125 0.3818359375 0.4973958328125 0.3955078125 0.5 0.3974609375 0.5 0.4130859375 0.5026041671875 0.4150390625 0.5026041671875 0.4208984375 0.5091145828125 0.42578125 0.51171875 0.42578125 0.5130208328125 0.4248046875 0.5130208328125 0.4013671875 0.5104166671875 0.3994140625 0.5104166671875 0.3876953125 0.5078125 0.3857421875 0.5078125 0.3798828125 0.5052083328125 0.3779296875
0 0.51171875 0.423828125 0.5065104171875 0.423828125 0.5052083328125 0.4248046875 0.5052083328125 0.4462890625 0.5078125 0.4482421875 0.5078125 0.4619140625 0.51171875 0.46484375 0.5169270828125 0.46484375 0.5182291671875 0.4638671875 0.5182291671875 0.4482421875 0.515625 0.4462890625 0.515625 0.4326171875 0.5130208328125 0.4306640625 0.5130208328125 0.4248046875 0.51171875 0.423828125
0 0.51171875 0.46484375 0.5078125 0.4677734375 0.5078125 0.4716796875 0.5104166671875 0.4736328125 0.5104166671875 0.5009765625 0.5130208328125 0.5029296875 0.5130208328125 0.5068359375 0.5143229171875 0.5078125 0.5169270828125 0.5078125 0.5182291671875 0.5068359375 0.5208333328125 0.5048828125 0.5208333328125 0.4716796875 0.5182291671875 0.4697265625 0.5182291671875 0.4658203125 0.5169270828125 0.46484375 0.51171875 0.46484375
0 0.5208333328125 0.5087890625 0.5208333328125 0.5068359375 0.51953125 0.505859375 0.5169270828125 0.505859375 0.5143229171875 0.50390625 0.5130208328125 0.5048828125 0.5130208328125 0.5380859375 0.515625 0.5400390625 0.515625 0.5517578125 0.5169270828125 0.552734375 0.5221354171875 0.552734375 0.5234375 0.5517578125 0.5234375 0.5498046875 0.5260416671875 0.5478515625 0.5260416671875 0.5458984375 0.5234375 0.5439453125 0.5234375 0.5107421875 0.5208333328125 0.5087890625
0 0.515625 0.5693359375 0.5182291671875 0.5712890625 0.5182291671875 0.5947265625 0.51953125 0.595703125 0.52734375 0.595703125 0.5286458328125 0.5947265625 0.5286458328125 0.5693359375 0.5260416671875 0.5673828125 0.5260416671875 0.5537109375 0.51953125 0.548828125 0.515625 0.5517578125 0.515625 0.5693359375
0 0.5182291671875 0.5966796875 0.5182291671875 0.6181640625 0.5208333328125 0.6201171875 0.5208333328125 0.6376953125 0.5247395828125 0.640625 0.5299479171875 0.640625 0.53125 0.6396484375 0.53125 0.6201171875 0.5286458328125 0.6181640625 0.5286458328125 0.5986328125 0.5247395828125 0.595703125 0.51953125 0.595703125 0.5182291671875 0.5966796875
0 0.5221354171875 0.640625 0.5208333328125 0.6416015625 0.5208333328125 0.6552734375 0.5234375 0.6572265625 0.5234375 0.6845703125 0.5247395828125 0.685546875 0.5299479171875 0.685546875 0.53125 0.6845703125 0.5338541671875 0.6826171875 0.5338541671875 0.6552734375 0.53125 0.6533203125 0.53125 0.6435546875 0.52734375 0.640625 0.5221354171875 0.640625
0 0.5299479171875 0.685546875 0.5247395828125 0.685546875 0.5234375 0.6865234375 0.5234375 0.6982421875 0.5260416671875 0.7001953125 0.5260416671875 0.7275390625 0.5299479171875 0.73046875 0.5325520828125 0.73046875 0.5338541671875 0.7294921875 0.5338541671875 0.7255859375 0.5364583328125 0.7236328125 0.5364583328125 0.7001953125 0.5338541671875 0.6982421875 0.5338541671875 0.6884765625 0.5299479171875 0.685546875
0 0.5364583328125 0.7314453125 0.53515625 0.73046875 0.5299479171875 0.73046875 0.5260416671875 0.7333984375 0.5286458328125 0.7353515625 0.5286458328125 0.7705078125 0.5325520828125 0.7734375 0.5338541671875 0.7724609375 0.5364583328125 0.7705078125 0.5364583328125 0.7626953125 0.5390625 0.7607421875 0.5390625 0.7373046875 0.5364583328125 0.7353515625 0.5364583328125 0.7314453125
0 0.5364583328125 0.7705078125 0.5338541671875 0.7685546875 0.5338541671875 0.7666015625 0.5325520828125 0.765625 0.5299479171875 0.765625 0.5286458328125 0.7666015625 0.5286458328125 0.7685546875 0.5260416671875 0.7705078125 0.5260416671875 0.8193359375 0.5299479171875 0.822265625 0.5325520828125 0.822265625 0.5338541671875 0.8212890625 0.5364583328125 0.8193359375 0.5364583328125 0.8056640625 0.5390625 0.8037109375 0.5390625 0.7822265625 0.5364583328125 0.7802734375 0.5364583328125 0.7705078125
0 0.5325520828125 0.8125 0.52734375 0.8125 0.5260416671875 0.8134765625 0.5260416671875 0.8662109375 0.5299479171875 0.869140625 0.53515625 0.869140625 0.5364583328125 0.8681640625 0.5364583328125 0.8603515625 0.5390625 0.8583984375 0.5390625 0.8291015625 0.5364583328125 0.8271484375 0.5364583328125 0.8154296875 0.5325520828125 0.8125
0 0.5364583328125 0.8681640625 0.53515625 0.8671875 0.5325520828125 0.8671875 0.5286458328125 0.8701171875 0.5286458328125 0.8857421875 0.53125 0.8876953125 0.53125 0.9091796875 0.53515625 0.912109375 0.5364583328125 0.9111328125 0.5416666671875 0.9052734375 0.5416666671875 0.8916015625 0.5390625 0.8896484375 0.5390625 0.8740234375 0.5364583328125 0.8720703125 0.5364583328125 0.8681640625
0 0.5416666671875 0.9306640625 0.5390625 0.9287109375 0.5390625 0.9169921875 0.5364583328125 0.9150390625 0.5364583328125 0.9130859375 0.53515625 0.912109375 0.5325520828125 0.912109375 0.5286458328125 0.9150390625 0.5286458328125 0.9287109375 0.53125 0.9306640625 0.53125 0.9501953125 0.5338541671875 0.9521484375 0.5338541671875 0.9599609375 0.53515625 0.9609375 0.5377604171875 0.9609375 0.5390625 0.9599609375 0.5390625 0.9580078125 0.5416666671875 0.9560546875 0.5416666671875 0.9521484375 0.5442708328125 0.9501953125 0.5416666671875 0.9482421875 0.5416666671875 0.9306640625
0 0.5455729171875 1 0.546875 0.9990234375 0.5442708328125 0.9970703125 0.5442708328125 0.9853515625 0.5416666671875 0.9833984375 0.5416666671875 0.9716796875 0.5390625 0.9697265625 0.5390625 0.9658203125 0.53515625 0.962890625 0.5299479171875 0.962890625 0.5286458328125 0.9638671875 0.5286458328125 0.9677734375 0.53125 0.9697265625 0.53125 0.9912109375 0.5338541671875 0.9931640625 0.5338541671875 0.9990234375 0.53515625 1 0.5455729171875 1