0 0.3984375015625 0.352151053125 0.4003906265625 0.3658839640625 0.4130859375 0.37078857656249997 0.4726562484375 0.3698076515625 0.4814453109375 0.36686488437500003 0.484375 0.36196027656249996 0.484375 0.352151053125 0.4775390625 0.34528459843750003 0.4072265640625 0.34528459843750003 0.3984375015625 0.352151053125
0 0.517578125 0.352151053125 0.517578125 0.36196027656249996 0.5244140625 0.3688267328125 0.5898437515625 0.3698076515625 0.6005859375 0.36686488437500003 0.6054687515625 0.359998428125 0.6035156265625 0.350189209375 0.5927734359375 0.3433227546875 0.5302734359375 0.3433227546875 0.517578125 0.352151053125
0 0.6367187515625 0.350189209375 0.638671875 0.3639221203125 0.6474609375 0.3688267328125 0.7109375015625 0.3678458078125 0.7177734359375 0.36686488437500003 0.7246093734375 0.358036584375 0.720703125 0.34626552187500004 0.7119140625 0.3413609109375 0.6474609375 0.3413609109375 0.6367187515625 0.350189209375
0 0.5234375015625 0.59738159375 0.5234375015625 0.6150381921875 0.53125 0.6562369203125 0.5361328140625 0.66506521875 0.548828125 0.6660461421874999 0.5546875015625 0.6581987640625 0.5546875015625 0.6503513890625 0.546875 0.603267125 0.5380859375 0.5905151390625 0.5302734359375 0.5905151390625 0.5234375015625 0.59738159375
0 0.5888671859375 0.6434849328125 0.5839843734375 0.6483895453125 0.5839843734375 0.6581987640625 0.5947265640625 0.66506521875 0.6035156265625 0.6640842984375 0.6513671859375 0.655256 0.6601562484375 0.6483895453125 0.6601562484375 0.6385803218749999 0.6513671859375 0.631713865625 0.6416015640625 0.631713865625 0.5888671859375 0.6434849328125
0 0.6660156265625 0.60915265625 0.671875 0.6248474109375 0.6972656265625 0.6581987640625 0.7041015640625 0.66506521875 0.7128906265625 0.6660461421874999 0.720703125 0.6621224546875 0.720703125 0.6503513890625 0.716796875 0.642504009375 0.6845703109375 0.6003243578124999 0.6728515640625 0.6003243578124999 0.6660156265625 0.60915265625
0 0.7607421859375 0.6787981296875001 0.767578125 0.677817209375 0.8125 0.630732946875 0.8095703109375 0.6140572671875 0.7958984359375 0.6140572671875 0.7539062484375 0.6601606109375 0.7539062484375 0.6738935171875 0.7607421859375 0.6787981296875001
0 0.5566406265625 0.7052830265625001 0.5566406265625 0.7170540937500001 0.5654296890625 0.7239205484375 0.6103515640625 0.733729771875 0.626953125 0.7327488484375 0.6328124984375 0.7288251609375 0.6328124984375 0.7190159375 0.6220703109375 0.7101876390624999 0.5751953109375 0.7003784203125 0.5634765640625 0.7003784203125 0.5566406265625 0.7052830265625001
0 0.6611328140625 0.7278442359375 0.654296875 0.7347106921875 0.654296875 0.750405446875 0.6621093734375 0.795527865625 0.6708984359375 0.8063180093750001 0.6796875015625 0.8053370890625 0.685546875 0.799451553125 0.685546875 0.7798331109375 0.6796875015625 0.7484436031249999 0.6757812484375 0.7347106921875 0.6689453109375 0.7278442359375 0.6611328140625 0.7278442359375
0 0.6103515640625 0.7592337453125 0.6015624984375 0.7661002015625 0.578125 0.8131844640624999 0.578125 0.8269173750000001 0.5898437515625 0.8328029109375 0.5947265640625 0.8318219859375 0.6035156265625 0.8210318437499999 0.6210937515625 0.7817949546875 0.623046875 0.7641383578125 0.6162109375 0.7592337453125 0.6103515640625 0.7592337453125
0 0.6816406265625 0.71313040625 0.6943359375 0.7219587046875 0.75 0.7249014734375 0.7617187515625 0.7170540937500001 0.7597656265625 0.7052830265625001 0.7529296890625 0.7003784203125 0.6904296890625 0.696454728125 0.6816406265625 0.7033211828125 0.6816406265625 0.71313040625
0 0.716796875 0.7739475796875 0.7265624984375 0.791604178125 0.7509765640625 0.8239746078125 0.7568359375 0.8278982984375001 0.765625 0.8269173750000001 0.7714843734375 0.8210318437499999 0.7714843734375 0.8112226203124999 0.7617187515625 0.795527865625 0.7353515640625 0.7611955890625001 0.7197265640625 0.7611955890625001 0.716796875 0.7739475796875