0 0.3515625 0.4427083328125 0.35546875 0.4357638890625 0.35546875 0.421875 0.3505859375 0.4166666671875 0.3017578125 0.4166666671875 0.296875 0.42534722187499996 0.298828125 0.4392361109375 0.3037109375 0.44444444375 0.3515625 0.4427083328125
0 0.427734375 0.42534722187499996 0.4189453125 0.41319444375 0.3935546875 0.41319444375 0.3857421875 0.4166666671875 0.3828125 0.42534722187499996 0.3857421875 0.44097222187499996 0.421875 0.4392361109375 0.427734375 0.42534722187499996
0 0.48828125 0.4427083328125 0.5 0.42881944375 0.498046875 0.41840277812500004 0.4931640625 0.41319444375 0.4501953125 0.41319444375 0.443359375 0.421875 0.4453125 0.4392361109375 0.4501953125 0.44444444375 0.48828125 0.4427083328125
0 0.5263671875 0.44097222187499996 0.544921875 0.4392361109375 0.5634765625 0.4375 0.5703125 0.42881944375 0.5703125 0.41840277812500004 0.5673828125 0.41319444375 0.5283203125 0.41319444375 0.5234375 0.41840277812500004 0.5234375 0.4357638890625 0.5263671875 0.44097222187499996
0 0.646484375 0.421875 0.646484375 0.4114583328125 0.6376953125 0.40277777812500004 0.6005859375 0.40625 0.591796875 0.41493055625 0.5947265625 0.43055555625 0.638671875 0.42881944375 0.646484375 0.421875
0 0.34375 0.5572916671875 0.3603515625 0.5520833328125 0.361328125 0.5399305562500001 0.3564453125 0.53125 0.3427734375 0.527777778125 0.3076171875 0.53125 0.298828125 0.5399305562500001 0.3017578125 0.5555555562500001 0.34375 0.5572916671875
0 0.419921875 0.5572916671875 0.431640625 0.550347221875 0.431640625 0.5364583328125 0.4287109375 0.53125 0.3740234375 0.53125 0.37109375 0.5364583328125 0.37109375 0.550347221875 0.3759765625 0.5555555562500001 0.419921875 0.5572916671875
0 0.4970703125 0.53125 0.4443359375 0.53125 0.439453125 0.5399305562500001 0.4423828125 0.5520833328125 0.498046875 0.550347221875 0.5 0.5364583328125 0.4970703125 0.53125
0 0.5078125 0.5364583328125 0.5126953125 0.5520833328125 0.568359375 0.550347221875 0.5693359375 0.53125 0.5107421875 0.53125 0.5078125 0.5364583328125
0 0.7177734375 0.40625 0.6806640625 0.40277777812500004 0.671875 0.4079861109375 0.6748046875 0.4236111109375 0.71484375 0.421875 0.720703125 0.41840277812500004 0.7177734375 0.40625
0 0.791015625 0.41840277812500004 0.791015625 0.4114583328125 0.7861328125 0.40625 0.7490234375 0.40625 0.74609375 0.4114583328125 0.7490234375 0.4236111109375 0.78515625 0.42534722187499996 0.791015625 0.41840277812500004
0 0.5810546875 0.5486111109375 0.6171875 0.546875 0.6376953125 0.5451388890625 0.64453125 0.5364583328125 0.64453125 0.5295138890625 0.6396484375 0.5208333328125 0.6318359375 0.5208333328125 0.5849609375 0.527777778125 0.578125 0.5364583328125 0.5810546875 0.5486111109375
0 0.6875 0.543402778125 0.7080078125 0.5416666671875 0.712890625 0.5364583328125 0.712890625 0.5225694437499999 0.6806640625 0.5173611109375 0.6611328125 0.5208333328125 0.65625 0.5295138890625 0.6591796875 0.5416666671875 0.6875 0.543402778125
0 0.7578125 0.546875 0.7802734375 0.5451388890625 0.783203125 0.5399305562500001 0.783203125 0.5260416671875 0.7783203125 0.5208333328125 0.72265625 0.5225694437499999 0.72265625 0.5329861109375 0.7314453125 0.5451388890625 0.7578125 0.546875