0 0 0.8031331828124999 0.0009765609375 0.820680628125 0.064453125 0.8220304296875 0.0703125 0.8112320000000001 0.047851560937499996 0.7963841625 0 0.8031331828124999
0 0.126953125 0.82742964375 0.1376953109375 0.804482984375 0.09277343906249999 0.7963841625 0.08203125 0.8112320000000001 0.126953125 0.82742964375
0 0.1953125 0.8328288593750001 0.212890625 0.8139316125 0.150390625 0.8112320000000001 0.1572265609375 0.8287794500000001 0.1953125 0.8328288593750001
0 0.216796875 0.8166312140624999 0.25390625 0.8382280734374999 0.2734375 0.8166312140624999 0.216796875 0.8166312140624999
0 0.330078125 0.8382280734374999 0.349609375 0.8220304296875 0.28515625 0.8166312140624999 0.2919921890625 0.8341786656249999 0.330078125 0.8382280734374999
0 0.41015625 0.8409276859375 0.4130859390625 0.820680628125 0.357421875 0.8220304296875 0.3759765609375 0.8422774875 0.41015625 0.8409276859375
0 0.44459235625 0.8443533765625 0.46100939375000005 0.8426087375 0.47363793125000003 0.8391194656250001 0.48374079999999997 0.8199280468750001 0.431963821875 0.82341745625 0.432765121875 0.8403141359375 0.44459235625 0.8443533765625
0 0.50015793125 0.8356300578125 0.5115235375 0.8426087375 0.5266778375000001 0.8408641046875 0.5380435375 0.8356300578125 0.5494091437499999 0.8199280468750001 0.4911615875 0.81849913125 0.50015793125 0.8356300578125
0 0.565340878125 0.8294066328125 0.58098048125 0.8408641046875 0.596134784375 0.8460980156250001 0.6150775875 0.837374690625 0.627706121875 0.8356300578125 0.627706121875 0.8181834078125 0.56456344375 0.811204721875 0.565340878125 0.8294066328125
0 0.63636360625 0.8359511359375 0.65675169375 0.8408641046875 0.671905996875 0.8443533765625 0.682008765625 0.8391194656250001 0.7009515687500001 0.8321407796875 0.699688734375 0.8146941312499999 0.637808890625 0.811204721875 0.63636360625 0.8359511359375
0 0.7527285453125 0.8059708109375 0.742625871875 0.8059708109375 0.731260071875 0.8059708109375 0.71231726875 0.811204721875 0.71212118125 0.8315881359375 0.7325230031250001 0.8408641046875 0.7464142765624999 0.8408641046875 0.761568675 0.837374690625 0.770408609375 0.8269067328125 0.7729342796875 0.8094600843749999 0.764094340625 0.8077154453125001 0.7527285453125 0.8059708109375
0 0.82723701875 0.8129494921875 0.8120828140624999 0.8059708109375 0.7981913484375001 0.8042261734375 0.7855628140625 0.8059708109375 0.77209593125 0.8119546281250001 0.7779856140625 0.8269067328125 0.7868257468750001 0.837374690625 0.801979946875 0.8443533765625 0.8183970828125 0.8391194656250001 0.8348140265625 0.8356300578125 0.8373398859375 0.8164387703125 0.82723701875 0.8129494921875
0 0.9055339015625 0.8059708109375 0.8929053640625 0.8059708109375 0.8777511625000001 0.8024813984374999 0.8676482953125 0.8059708109375 0.8478535078125 0.81849913125 0.846179821875 0.8356300578125 0.8638596937499999 0.8408641046875 0.8815397609375 0.8408641046875 0.8979566999999999 0.8408641046875 0.9093225 0.8338854187500001 0.9244767046875 0.8269067328125 0.91563676875 0.8181834078125 0.9055339015625 0.8059708109375
0 1 0.82341745625 0.9989849843749999 0.8094600843749999 0.98635645 0.8059708109375 0.971202246875 0.8059708109375 0.9497337734375 0.811204721875 0.9371052390625 0.811204721875 0.9346590609375 0.8250436328124999 0.94720810625 0.837374690625 0.9573109734375 0.8426087375 0.9775165156250001 0.8426087375 0.9914079812500001 0.8426087375 1 0.8356300578125 1 0.82341745625
0 0.5936090187499999 0.5669517374999999 0.5905934046875 0.580715534375 0.6062375531249999 0.6035898015625001 0.6264432875 0.59312170625 0.6441231593750001 0.5826536812499999 0.64159768125 0.561717690625 0.6264432875 0.5582284140625 0.60876331875 0.5634623921874999 0.5936090187499999 0.5669517374999999
0 0.6895859625 0.55473906875 0.675694496875 0.5529943671875001 0.655488859375 0.5599731828125 0.6426767390625 0.5589005234375 0.645386090625 0.5861431515625 0.65170035625 0.5896323609375 0.660540484375 0.5896323609375 0.682008765625 0.5861431515625 0.693374465625 0.57393035625 0.698426090625 0.5634623921874999 0.6895859625 0.55473906875
0 0.743888609375 0.5495050890625001 0.7337857421875 0.5477603828125 0.71231726875 0.551249728125 0.69633835625 0.5523560203125 0.6845345296875001 0.5529943671875001 0.692111825 0.5756750578125 0.708528765625 0.5861431515625 0.726208734375 0.5843983828125 0.7476772078125 0.5686965078124999 0.7539914734375001 0.55648370625 0.743888609375 0.5495050890625001
0 0.7981913484375001 0.5442710421875 0.769145678125 0.5460157484375 0.7499999703125 0.5501745234375 0.7464142765624999 0.5774198328125 0.75651714375 0.587887659375 0.770408609375 0.5861431515625 0.801979946875 0.5756750578125 0.813345553125 0.5634623921874999 0.8120828140624999 0.5477603828125 0.7981913484375001 0.5442710421875
0 0.8600710953125 0.5495050890625001 0.838602625 0.551249728125 0.813131284375 0.5479930203125 0.8108198859375 0.5774198328125 0.82092275 0.5826536812499999 0.8487054921875 0.5809090421875001 0.8625969578125 0.5774198328125 0.87143689375 0.561717690625 0.8752254921875 0.5477603828125 0.8600710953125 0.5495050890625001
0 0.9383681703125 0.5407817640625 0.9181624359375 0.5390370625 0.901745303125 0.5407817640625 0.8762625984374999 0.5479930203125 0.8726996328125001 0.5774198328125 0.8777511625000001 0.5826536812499999 0.901745303125 0.5826536812499999 0.927002371875 0.5791643343749999 0.9408938375 0.5669517374999999 0.9421565749999999 0.5529943671875001 0.9383681703125 0.5407817640625
0 0.937815628125 0.539267015625 0.939630909375 0.5826536812499999 0.95225944375 0.5896323609375 0.9876193828125001 0.587887659375 1 0.5704410109375 0.99645931875 0.551249728125 0.971202246875 0.542526403125 0.937815628125 0.539267015625