0 0.1066406265625 0.9150390640625 0.1080078109375 0.8964843765625 0.1011718734375 0.8466796875 0.0943359375 0.8417968765625 0.08886718906249999 0.8417968765625 0.0792968734375 0.8544921875 0.0792968734375 0.8955078125 0.0847656265625 0.9111328125 0.0916015625 0.9160156234375 0.1066406265625 0.9150390640625
0 0.1052734375 0.7382812484375 0.0970703109375 0.7285156234375 0.08886718906249999 0.7285156234375 0.08203125312500001 0.7373046875 0.0792968734375 0.7724609359375 0.08886718906249999 0.7851562484375 0.0970703109375 0.7851562484375 0.1066406265625 0.7763671875 0.1052734375 0.7382812484375
0 0.0916015625 0.6582031234375 0.1011718734375 0.6474609359375 0.1025390625 0.5996093765625 0.1011718734375 0.5908203125 0.0943359375 0.5859375 0.0833984375 0.5859375 0.0738281265625 0.6005859359375 0.0738281265625 0.6474609359375 0.0765625 0.6533203125 0.0861328109375 0.6582031234375 0.0916015625 0.6582031234375
0 0.0833984375 0.5273437515625 0.0916015625 0.5253906234375 0.0984375 0.5166015640625 0.0970703109375 0.4960937515625 0.092968746875 0.4658203125 0.0861328109375 0.4589843765625 0.0779296890625 0.4589843765625 0.06835937343750001 0.4677734359375 0.065625 0.4873046875 0.071093746875 0.5166015640625 0.0738281265625 0.5224609359375 0.0833984375 0.5273437515625
0 0.0806640625 0.3886718765625 0.08886718906249999 0.3886718765625 0.09570312656249999 0.3837890640625 0.0970703109375 0.34375 0.092968746875 0.3193359359375 0.0875 0.3115234359375 0.0779296890625 0.3085937515625 0.06835937343750001 0.3193359359375 0.065625 0.3427734359375 0.071093746875 0.3798828125 0.0738281265625 0.3857421875 0.0806640625 0.3886718765625
0 0.09570312656249999 0.2294921875 0.0943359375 0.1679687515625 0.0861328109375 0.1601562484375 0.0779296890625 0.1601562484375 0.06835937343750001 0.1669921875 0.06835937343750001 0.2236328125 0.0738281265625 0.2333984359375 0.0806640625 0.2363281234375 0.0916015625 0.234375 0.09570312656249999 0.2294921875
0 0.1011718734375 0.0888671875 0.1066406265625 0.0673828125 0.1052734375 0.042968751562500004 0.0998046890625 0.037109376562500004 0.0916015625 0.037109376562500004 0.08203125312500001 0.0439453125 0.0738281265625 0.0751953125 0.0738281265625 0.0966796875 0.0806640625 0.1015625 0.0916015625 0.1015625 0.1011718734375 0.0888671875
0 0.2666015625 0.1171875 0.2734375 0.11035156406249999 0.2748046890625 0.0253906234375 0.2693359375 0.021484376562499997 0.2583984375 0.021484376562499997 0.2488281265625 0.032226564062500004 0.24609374687500002 0.0576171875 0.2488281265625 0.10839843593750001 0.2515625 0.1142578125 0.2583984375 0.1171875 0.2666015625 0.1171875
0 0.2666015625 0.34375 0.2734375 0.3349609359375 0.2720703109375 0.25 0.267968746875 0.2314453125 0.2529296890625 0.2265625 0.2433593734375 0.2333984359375 0.23789062656249998 0.2568359359375 0.240625 0.3251953125 0.2433593734375 0.3369140640625 0.2529296890625 0.3457031234375 0.2666015625 0.34375
0 0.2529296890625 0.5585937515625 0.2583984375 0.5585937515625 0.267968746875 0.5498046875 0.2666015625 0.5195312484375 0.2652343734375 0.4580078125 0.2625 0.4521484359375 0.2556640625 0.4472656234375 0.2501953109375 0.4472656234375 0.240625 0.4580078125 0.240625 0.5341796875 0.24609374687500002 0.5537109359375 0.2529296890625 0.5585937515625
0 0.2693359375 0.7578125 0.278906253125 0.7470703125 0.2802734375 0.6621093765625 0.2761718734375 0.6513671875 0.2693359375 0.6484375 0.25703125312499997 0.6552734359375 0.2542968734375 0.6611328125 0.2515625 0.7451171875 0.2542968734375 0.7529296875 0.2611328109375 0.7578125 0.2693359375 0.7578125
0 0.2816406265625 0.9658203125 0.28984374687500003 0.9501953125 0.2884765625 0.8652343765625 0.2830078109375 0.8515625 0.2666015625 0.8496093765625 0.2625 0.8525390640625 0.25703125312499997 0.8701171875 0.2597656265625 0.8818359359375 0.25703125312499997 0.9580078125 0.2666015625 0.96875 0.2816406265625 0.9658203125
0 0.4443359375 0.9589843765625 0.4333984375 0.9453125 0.4251953109375 0.9453125 0.415625 0.9521484359375 0.415625 0.9775390640625 0.4279296890625 0.9882812484375 0.4333984375 0.9882812484375 0.442968746875 0.9794921875 0.4443359375 0.9589843765625
0 0.4457031265625 0.8955078125 0.4443359375 0.8828125 0.442968746875 0.8779296875 0.4306640625 0.8710937515625 0.415625 0.8818359359375 0.415625 0.9072265640625 0.4279296890625 0.9160156234375 0.4333984375 0.9160156234375 0.4402343734375 0.9111328125 0.4457031265625 0.8955078125
0 0.4183593734375 0.8212890640625 0.4333984375 0.8320312484375 0.4416015625 0.8300781234375 0.4457031265625 0.8251953125 0.4443359375 0.8046875 0.442968746875 0.7861328125 0.4375 0.7783203125 0.4333984375 0.7753906234375 0.4224609375 0.7753906234375 0.415625 0.7802734359375 0.4128906265625 0.7880859359375 0.4128906265625 0.8076171875 0.4183593734375 0.8212890640625
0 0.4402343734375 0.7333984359375 0.4388671890625 0.7050781234375 0.4333984375 0.6914062484375 0.4169921890625 0.6894531234375 0.410156253125 0.6943359359375 0.4128906265625 0.7275390640625 0.415625 0.7333984359375 0.4251953109375 0.7382812484375 0.4361328109375 0.7382812484375 0.4402343734375 0.7333984359375
0 0.4306640625 0.6367187515625 0.4375 0.6318359359375 0.4388671890625 0.6074218765625 0.4347656265625 0.5869140640625 0.4306640625 0.5839843765625 0.4169921890625 0.5859375 0.4074218734375 0.6005859359375 0.4074218734375 0.6240234359375 0.410156253125 0.6318359359375 0.4169921890625 0.6367187515625 0.4306640625 0.6367187515625
0 0.4375 0.5283203125 0.4361328109375 0.5039062484375 0.432031253125 0.4833984359375 0.4279296890625 0.4804687515625 0.4169921890625 0.4804687515625 0.4046875 0.4990234359375 0.4046875 0.5224609359375 0.4142578109375 0.5371093765625 0.4279296890625 0.5371093765625 0.4375 0.5283203125
0 0.4251953109375 0.4316406234375 0.4347656265625 0.4228515640625 0.4361328109375 0.3984375 0.4347656265625 0.3896484359375 0.4251953109375 0.3828125 0.4197265625 0.3808593765625 0.410156253125 0.3837890640625 0.4046875 0.3935546875 0.4046875 0.4228515640625 0.4142578109375 0.4316406234375 0.4251953109375 0.4316406234375
0 0.4388671890625 0.3007812484375 0.4306640625 0.2949218765625 0.4197265625 0.2949218765625 0.4128906265625 0.3017578125 0.410156253125 0.3388671875 0.4169921890625 0.34375 0.4279296890625 0.34375 0.4402343734375 0.3310546875 0.4388671890625 0.3007812484375
0 0.4375 0.2568359359375 0.4388671890625 0.2421875 0.4347656265625 0.2177734359375 0.4279296890625 0.2109375 0.4197265625 0.2089843765625 0.4074218734375 0.2177734359375 0.410156253125 0.2451171875 0.4197265625 0.2597656234375 0.4333984375 0.2597656234375 0.4375 0.2568359359375
0 0.4375 0.1552734359375 0.4361328109375 0.125 0.4279296890625 0.11523437656249999 0.4142578109375 0.1171875 0.410156253125 0.1220703125 0.4074218734375 0.1572265640625 0.4142578109375 0.1621093765625 0.4224609375 0.1640625 0.4306640625 0.1621093765625 0.4375 0.1552734359375
0 0.4333984375 0.07617187656249999 0.4402343734375 0.07128906406249999 0.4416015625 0.033203123437499996 0.4375 0.0146484359375 0.4251953109375 0.0078125 0.4169921890625 0.0078125 0.410156253125 0.0126953125 0.410156253125 0.06347656406249999 0.4128906265625 0.07128906406249999 0.4197265625 0.07617187656249999 0.4333984375 0.07617187656249999
0 0.6699218734375 0.0556640640625 0.6685546890625 0.044921876562500004 0.6412109375 0.021484376562499997 0.6248046890625 0.017578123437500003 0.6125 0.022460935937500003 0.6097656265625 0.0283203125 0.6152343734375 0.0361328125 0.6466796890625 0.0585937515625 0.6630859375 0.0605468765625 0.6699218734375 0.0556640640625
0 0.7669921890625 0.10351562343750001 0.7779296890625 0.10351562343750001 0.782031253125 0.10058593593750001 0.7806640625 0.08789062343750001 0.7615234375 0.07421875156249999 0.7396484375 0.06445312343750001 0.7259765625 0.0625 0.7177734375 0.06445312343750001 0.7136718734375 0.06933593593750001 0.7136718734375 0.0751953125 0.7287109375 0.0859375 0.7669921890625 0.10351562343750001
0 0.8708984375 0.1503906234375 0.8777343734375 0.1455078125 0.8763671890625 0.1386718765625 0.869531253125 0.1279296875 0.8517578109375 0.11523437656249999 0.8326171890625 0.11132812343750001 0.825781253125 0.11621093593750001 0.825781253125 0.12402343593750001 0.83125 0.1318359359375 0.8572265625 0.1484375 0.8708984375 0.1503906234375
0 0.9105468734375 0.2158203125 0.9091796890625 0.1875 0.9078125 0.1806640640625 0.9009765625 0.1757812484375 0.8900390625 0.1757812484375 0.8832031265625 0.1845703125 0.8832031265625 0.2177734359375 0.8955078109375 0.2246093765625 0.9037109375 0.2226562484375 0.9105468734375 0.2158203125
0 0.8613281265625 0.2744140640625 0.869531253125 0.2646484359375 0.8708984375 0.2558593765625 0.8654296890625 0.25 0.8517578109375 0.25 0.8244140625 0.2636718765625 0.814843746875 0.2783203125 0.814843746875 0.2861328125 0.8271484375 0.2929687515625 0.8380859375 0.2910156234375 0.8613281265625 0.2744140640625
0 0.7683593734375 0.3095703125 0.7724609375 0.2988281234375 0.7669921890625 0.2929687515625 0.7478515625 0.2929687515625 0.7341796890625 0.296875 0.7136718734375 0.3134765640625 0.7109375 0.3232421875 0.7177734375 0.328125 0.7423828109375 0.3261718765625 0.7683593734375 0.3095703125
0 0.672656253125 0.3779296875 0.6740234375 0.3574218765625 0.6685546890625 0.3515625 0.6576171890625 0.3515625 0.6453125 0.3583984359375 0.6371093734375 0.3740234359375 0.6371093734375 0.3876953125 0.6439453109375 0.3945312484375 0.6548828109375 0.3945312484375 0.672656253125 0.3779296875
0 0.6603515625 0.4570312484375 0.6453125 0.4345703125 0.6330078109375 0.4335937515625 0.628906253125 0.4384765640625 0.628906253125 0.4560546875 0.6466796890625 0.4746093765625 0.6576171890625 0.4746093765625 0.661718746875 0.4716796875 0.6603515625 0.4570312484375
0 0.7505859375 0.5292968765625 0.7546875 0.5244140640625 0.7533203109375 0.5175781234375 0.74375 0.5048828125 0.7232421890625 0.4921875 0.7013671890625 0.4921875 0.6972656265625 0.4951171875 0.7 0.5048828125 0.7369140625 0.5292968765625 0.7423828109375 0.53125 0.7505859375 0.5292968765625
0 0.8394531265625 0.5654296875 0.8380859375 0.5566406234375 0.8244140625 0.5410156234375 0.8134765625 0.5371093765625 0.7970703109375 0.5371093765625 0.792968746875 0.5400390640625 0.7957031265625 0.5498046875 0.8189453109375 0.5683593765625 0.8326171890625 0.5703125 0.8394531265625 0.5654296875
0 0.8900390625 0.6113281234375 0.8818359375 0.5957031234375 0.8708984375 0.59375 0.8640625 0.5986328125 0.8613281265625 0.6220703125 0.8736328109375 0.6367187515625 0.8845703109375 0.6367187515625 0.8886718734375 0.6337890640625 0.8900390625 0.6113281234375
0 0.8558593734375 0.6943359359375 0.8640625 0.6767578125 0.8626953109375 0.6679687515625 0.8572265625 0.6640625 0.8490234375 0.6640625 0.825781253125 0.6787109359375 0.8203125 0.6884765640625 0.8203125 0.7001953125 0.8271484375 0.7050781234375 0.8435546890625 0.703125 0.8558593734375 0.6943359359375
0 0.7792968734375 0.7314453125 0.7847656265625 0.7236328125 0.7833984375 0.71875 0.7779296890625 0.7148437515625 0.7642578109375 0.7148437515625 0.7505859375 0.7207031234375 0.7328125 0.7353515640625 0.7328125 0.7451171875 0.7451171890625 0.75 0.7642578109375 0.7441406234375 0.7792968734375 0.7314453125
0 0.7123046890625 0.7695312484375 0.6986328109375 0.7675781234375 0.6753906265625 0.7841796875 0.672656253125 0.7998046875 0.6767578109375 0.8027343765625 0.6876953109375 0.8046875 0.7 0.7998046875 0.7136718734375 0.7822265640625 0.7123046890625 0.7695312484375
0 0.6630859375 0.8632812484375 0.6671875 0.8603515640625 0.6658203109375 0.8398437515625 0.6589843734375 0.8271484359375 0.6521484375 0.8222656234375 0.6439453109375 0.8222656234375 0.6371093734375 0.8271484359375 0.634375 0.8349609359375 0.6371093734375 0.8505859359375 0.6494140625 0.8632812484375 0.6630859375 0.8632812484375
0 0.7314453109375 0.9160156234375 0.738281253125 0.9091796875 0.7369140625 0.9042968765625 0.7177734375 0.8847656234375 0.7068359375 0.8808593765625 0.6958984375 0.8808593765625 0.6917968734375 0.8837890640625 0.694531253125 0.9013671875 0.7095703109375 0.9121093765625 0.7205078109375 0.9160156234375 0.7314453109375 0.9160156234375
0 0.814843746875 0.9501953125 0.8134765625 0.9414062484375 0.7888671890625 0.9238281234375 0.7697265625 0.921875 0.765625 0.9248046875 0.765625 0.9345703125 0.7738281265625 0.9443359359375 0.7943359375 0.9550781234375 0.8080078109375 0.9550781234375 0.814843746875 0.9501953125
0 0.8832031265625 0.9833984359375 0.8818359375 0.9746093765625 0.8777343734375 0.9677734359375 0.8626953109375 0.9589843765625 0.8517578109375 0.9570312484375 0.8421875 0.9619140640625 0.8421875 0.9755859359375 0.8626953109375 0.9882812484375 0.8736328109375 0.9902343765625 0.8832031265625 0.9833984359375