0 0.2626953125 0.306640625 0.2177734375 0.306640625 0.21484375 0.3115234375 0.2177734375 0.31640625 0.287109375 0.3173828125 0.2841796875 0.310546875 0.2626953125 0.306640625
0 0.3564453125 0.314453125 0.3349609375 0.314453125 0.330078125 0.3173828125 0.3369140625 0.32421875 0.36328125 0.3232421875 0.36328125 0.3173828125 0.3564453125 0.314453125
0 0.544921875 0.3193359375 0.5419921875 0.31640625 0.5185546875 0.314453125 0.4072265625 0.314453125 0.3984375 0.3193359375 0.4033203125 0.326171875 0.54296875 0.3251953125 0.544921875 0.3193359375
0 0.61328125 0.3271484375 0.6279296875 0.326171875 0.6328125 0.3232421875 0.6328125 0.3193359375 0.6298828125 0.31640625 0.6083984375 0.31640625 0.58984375 0.3212890625 0.5927734375 0.328125 0.61328125 0.3271484375
0 0.8046875 0.3271484375 0.80859375 0.3251953125 0.80859375 0.3212890625 0.8037109375 0.318359375 0.7080078125 0.314453125 0.6669921875 0.314453125 0.6640625 0.3173828125 0.6669921875 0.32421875 0.8046875 0.3271484375
0 0.2099609375 0.392578125 0.1943359375 0.392578125 0.185546875 0.3974609375 0.1884765625 0.404296875 0.2109375 0.4033203125 0.21484375 0.3955078125 0.2099609375 0.392578125
0 0.244140625 0.3974609375 0.2470703125 0.404296875 0.275390625 0.4033203125 0.2763671875 0.392578125 0.2509765625 0.392578125 0.244140625 0.3974609375
0 0.34765625 0.3994140625 0.3447265625 0.392578125 0.3173828125 0.392578125 0.3125 0.3955078125 0.3125 0.4013671875 0.3173828125 0.404296875 0.341796875 0.4033203125 0.34765625 0.3994140625
0 0.4130859375 0.390625 0.3935546875 0.392578125 0.38671875 0.3974609375 0.3896484375 0.40234375 0.419921875 0.4013671875 0.423828125 0.3955078125 0.4130859375 0.390625
0 0.470703125 0.4013671875 0.4833984375 0.3984375 0.486328125 0.3916015625 0.4833984375 0.388671875 0.4736328125 0.388671875 0.4560546875 0.390625 0.451171875 0.3955078125 0.4560546875 0.40234375 0.470703125 0.4013671875
0 0.5234375 0.3896484375 0.5283203125 0.3984375 0.548828125 0.3974609375 0.55078125 0.3916015625 0.5478515625 0.388671875 0.5234375 0.3896484375
0 0.599609375 0.3974609375 0.6240234375 0.39453125 0.62890625 0.3916015625 0.62890625 0.3876953125 0.6259765625 0.384765625 0.6123046875 0.384765625 0.58984375 0.3916015625 0.5927734375 0.3984375 0.599609375 0.3974609375
0 0.701171875 0.3896484375 0.6943359375 0.38671875 0.6669921875 0.384765625 0.66015625 0.3876953125 0.6611328125 0.39453125 0.6708984375 0.396484375 0.701171875 0.3955078125 0.701171875 0.3896484375
0 0.775390625 0.3876953125 0.7568359375 0.384765625 0.740234375 0.3916015625 0.7431640625 0.3984375 0.763671875 0.3974609375 0.7724609375 0.396484375 0.775390625 0.3876953125
0 0.8271484375 0.388671875 0.8076171875 0.38671875 0.8046875 0.3896484375 0.8056640625 0.396484375 0.828125 0.3974609375 0.830078125 0.3916015625 0.8271484375 0.388671875
0 0.2734375 0.4755859375 0.2705078125 0.466796875 0.2373046875 0.462890625 0.220703125 0.4677734375 0.2236328125 0.4765625 0.2451171875 0.48046875 0.267578125 0.4794921875 0.2734375 0.4755859375
0 0.357421875 0.4716796875 0.3486328125 0.46875 0.3154296875 0.46875 0.310546875 0.4736328125 0.3154296875 0.478515625 0.3251953125 0.48046875 0.35546875 0.4794921875 0.357421875 0.4716796875
0 0.45703125 0.4716796875 0.4521484375 0.466796875 0.4091796875 0.46484375 0.3984375 0.4697265625 0.3984375 0.4736328125 0.4072265625 0.478515625 0.455078125 0.4775390625 0.45703125 0.4716796875
0 0.55078125 0.4775390625 0.5556640625 0.4765625 0.55859375 0.4697265625 0.5498046875 0.46484375 0.5185546875 0.46484375 0.5029296875 0.466796875 0.494140625 0.4716796875 0.4970703125 0.478515625 0.55078125 0.4775390625
0 0.6533203125 0.46875 0.6083984375 0.466796875 0.599609375 0.4716796875 0.6044921875 0.48046875 0.646484375 0.4794921875 0.654296875 0.4755859375 0.6533203125 0.46875
0 0.748046875 0.4658203125 0.7431640625 0.4609375 0.7119140625 0.458984375 0.69140625 0.4638671875 0.69140625 0.4677734375 0.6982421875 0.47265625 0.744140625 0.4716796875 0.748046875 0.4658203125
0 0.830078125 0.4697265625 0.8173828125 0.4609375 0.7841796875 0.4609375 0.77734375 0.4658203125 0.77734375 0.4697265625 0.7822265625 0.47265625 0.826171875 0.4736328125 0.830078125 0.4697265625
0 0.2607421875 0.533203125 0.1962890625 0.529296875 0.18359375 0.5341796875 0.1865234375 0.541015625 0.26953125 0.5439453125 0.271484375 0.5380859375 0.2607421875 0.533203125
0 0.3671875 0.5498046875 0.4052734375 0.546875 0.40625 0.5419921875 0.4033203125 0.5390625 0.3134765625 0.5390625 0.306640625 0.5439453125 0.306640625 0.5478515625 0.3115234375 0.55078125 0.3671875 0.5498046875
0 0.4609375 0.5517578125 0.5244140625 0.55078125 0.5458984375 0.548828125 0.548828125 0.5439453125 0.5419921875 0.5390625 0.4677734375 0.5390625 0.447265625 0.5458984375 0.4501953125 0.552734375 0.4609375 0.5517578125
0 0.6943359375 0.5390625 0.6826171875 0.537109375 0.59375 0.5361328125 0.5966796875 0.544921875 0.6953125 0.5478515625 0.697265625 0.5419921875 0.6943359375 0.5390625
0 0.8134765625 0.541015625 0.7412109375 0.541015625 0.736328125 0.5439453125 0.7373046875 0.55078125 0.822265625 0.5498046875 0.822265625 0.5439453125 0.8134765625 0.541015625
0 0.2099609375 0.587890625 0.1904296875 0.587890625 0.1875 0.5908203125 0.1923828125 0.599609375 0.216796875 0.6005859375 0.21875 0.5947265625 0.2099609375 0.587890625
0 0.279296875 0.6005859375 0.2763671875 0.59765625 0.2490234375 0.595703125 0.24609375 0.5986328125 0.24609375 0.6025390625 0.2548828125 0.607421875 0.27734375 0.6064453125 0.279296875 0.6005859375
0 0.3046875 0.6083984375 0.3115234375 0.61328125 0.328125 0.6123046875 0.3291015625 0.603515625 0.3046875 0.6025390625 0.3046875 0.6083984375
0 0.3623046875 0.615234375 0.376953125 0.6142578125 0.3896484375 0.609375 0.390625 0.6044921875 0.3876953125 0.6015625 0.3779296875 0.6015625 0.3603515625 0.603515625 0.357421875 0.6064453125 0.357421875 0.6123046875 0.3623046875 0.615234375
0 0.4541015625 0.615234375 0.45703125 0.6083984375 0.4541015625 0.60546875 0.4306640625 0.60546875 0.421875 0.6123046875 0.4287109375 0.619140625 0.439453125 0.6181640625 0.4541015625 0.615234375
0 0.5166015625 0.60546875 0.4873046875 0.60546875 0.482421875 0.6103515625 0.4873046875 0.615234375 0.517578125 0.6142578125 0.51953125 0.6083984375 0.5166015625 0.60546875
0 0.583984375 0.6064453125 0.5810546875 0.6015625 0.5732421875 0.599609375 0.5498046875 0.6015625 0.546875 0.6044921875 0.5498046875 0.611328125 0.578125 0.6103515625 0.583984375 0.6064453125
0 0.6416015625 0.609375 0.64453125 0.6005859375 0.6396484375 0.59765625 0.6259765625 0.59765625 0.611328125 0.6025390625 0.6142578125 0.611328125 0.626953125 0.6103515625 0.6416015625 0.609375
0 0.7021484375 0.60546875 0.6806640625 0.603515625 0.671875 0.6083984375 0.6748046875 0.615234375 0.703125 0.6142578125 0.705078125 0.6083984375 0.7021484375 0.60546875
0 0.759765625 0.6142578125 0.759765625 0.6083984375 0.7548828125 0.60546875 0.7333984375 0.60546875 0.73046875 0.6083984375 0.7333984375 0.615234375 0.75390625 0.6162109375 0.759765625 0.6142578125
0 0.802734375 0.6123046875 0.8095703125 0.611328125 0.8125 0.6044921875 0.8076171875 0.6015625 0.7880859375 0.6015625 0.78515625 0.6044921875 0.78515625 0.6083984375 0.7919921875 0.61328125 0.802734375 0.6123046875