0 0.8933593734375 0.08496093593750001 0.8919921890625 0.10351562343750001 0.8988281265625 0.1533203125 0.9056640625 0.1582031234375 0.9111328109375 0.1582031234375 0.9207031265625 0.1455078125 0.9207031265625 0.1044921875 0.9152343734375 0.0888671875 0.9083984375 0.08398437656249999 0.8933593734375 0.08496093593750001
0 0.8947265625 0.2617187515625 0.9029296890625 0.2714843765625 0.9111328109375 0.2714843765625 0.917968746875 0.2626953125 0.9207031265625 0.2275390640625 0.9111328109375 0.2148437515625 0.9029296890625 0.2148437515625 0.8933593734375 0.2236328125 0.8947265625 0.2617187515625
0 0.9083984375 0.3417968765625 0.8988281265625 0.3525390640625 0.8974609375 0.4003906234375 0.8988281265625 0.4091796875 0.9056640625 0.4140625 0.9166015625 0.4140625 0.9261718734375 0.3994140640625 0.9261718734375 0.3525390640625 0.9234375 0.3466796875 0.9138671890625 0.3417968765625 0.9083984375 0.3417968765625
0 0.9166015625 0.4726562484375 0.9083984375 0.4746093765625 0.9015625 0.4833984359375 0.9029296890625 0.5039062484375 0.907031253125 0.5341796875 0.9138671890625 0.5410156234375 0.9220703109375 0.5410156234375 0.9316406265625 0.5322265640625 0.934375 0.5126953125 0.928906253125 0.4833984359375 0.9261718734375 0.4775390640625 0.9166015625 0.4726562484375
0 0.9193359375 0.6113281234375 0.9111328109375 0.6113281234375 0.9042968734375 0.6162109359375 0.9029296890625 0.65625 0.907031253125 0.6806640640625 0.9125 0.6884765640625 0.9220703109375 0.6914062484375 0.9316406265625 0.6806640640625 0.934375 0.6572265640625 0.928906253125 0.6201171875 0.9261718734375 0.6142578125 0.9193359375 0.6113281234375
0 0.9042968734375 0.7705078125 0.9056640625 0.8320312484375 0.9138671890625 0.8398437515625 0.9220703109375 0.8398437515625 0.9316406265625 0.8330078125 0.9316406265625 0.7763671875 0.9261718734375 0.7666015640625 0.9193359375 0.7636718765625 0.9083984375 0.765625 0.9042968734375 0.7705078125
0 0.8988281265625 0.9111328125 0.8933593734375 0.9326171875 0.8947265625 0.9570312484375 0.9001953109375 0.9628906234375 0.9083984375 0.9628906234375 0.917968746875 0.9560546875 0.9261718734375 0.9248046875 0.9261718734375 0.9033203125 0.9193359375 0.8984375 0.9083984375 0.8984375 0.8988281265625 0.9111328125
0 0.7333984375 0.8828125 0.7265625 0.8896484359375 0.7251953109375 0.9746093765625 0.7306640625 0.9785156234375 0.7416015625 0.9785156234375 0.7511718734375 0.9677734359375 0.753906253125 0.9423828125 0.7511718734375 0.8916015640625 0.7484375 0.8857421875 0.7416015625 0.8828125 0.7333984375 0.8828125
0 0.7333984375 0.65625 0.7265625 0.6650390640625 0.7279296890625 0.75 0.732031253125 0.7685546875 0.7470703109375 0.7734375 0.7566406265625 0.7666015640625 0.7621093734375 0.7431640640625 0.759375 0.6748046875 0.7566406265625 0.6630859359375 0.7470703109375 0.6542968765625 0.7333984375 0.65625
0 0.7470703109375 0.4414062484375 0.7416015625 0.4414062484375 0.732031253125 0.4501953125 0.7333984375 0.4804687515625 0.7347656265625 0.5419921875 0.7375 0.5478515640625 0.7443359375 0.5527343765625 0.7498046890625 0.5527343765625 0.759375 0.5419921875 0.759375 0.4658203125 0.753906253125 0.4462890640625 0.7470703109375 0.4414062484375
0 0.7306640625 0.2421875 0.721093746875 0.2529296875 0.7197265625 0.3378906234375 0.7238281265625 0.3486328125 0.7306640625 0.3515625 0.742968746875 0.3447265640625 0.7457031265625 0.3388671875 0.7484375 0.2548828125 0.7457031265625 0.2470703125 0.7388671890625 0.2421875 0.7306640625 0.2421875
0 0.7183593734375 0.0341796875 0.710156253125 0.0498046875 0.7115234375 0.1347656234375 0.7169921890625 0.1484375 0.7333984375 0.1503906234375 0.7375 0.1474609359375 0.742968746875 0.1298828125 0.7402343734375 0.11816406406249999 0.742968746875 0.0419921875 0.7333984375 0.03125 0.7183593734375 0.0341796875
0 0.5556640625 0.041015623437499996 0.5666015625 0.0546875 0.5748046890625 0.0546875 0.584375 0.047851564062500004 0.584375 0.022460935937500003 0.5720703109375 0.011718751562500001 0.5666015625 0.011718751562500001 0.557031253125 0.0205078125 0.5556640625 0.041015623437499996
0 0.5542968734375 0.1044921875 0.5556640625 0.1171875 0.557031253125 0.1220703125 0.5693359375 0.1289062484375 0.584375 0.11816406406249999 0.584375 0.09277343593750001 0.5720703109375 0.08398437656249999 0.5666015625 0.08398437656249999 0.5597656265625 0.0888671875 0.5542968734375 0.1044921875
0 0.5816406265625 0.1787109359375 0.5666015625 0.1679687515625 0.5583984375 0.1699218765625 0.5542968734375 0.1748046875 0.5556640625 0.1953125 0.557031253125 0.2138671875 0.5625 0.2216796875 0.5666015625 0.2246093765625 0.5775390625 0.2246093765625 0.584375 0.2197265640625 0.5871093734375 0.2119140640625 0.5871093734375 0.1923828125 0.5816406265625 0.1787109359375
0 0.5597656265625 0.2666015640625 0.5611328109375 0.2949218765625 0.5666015625 0.3085937515625 0.5830078109375 0.3105468765625 0.589843746875 0.3056640640625 0.5871093734375 0.2724609359375 0.584375 0.2666015640625 0.5748046890625 0.2617187515625 0.5638671890625 0.2617187515625 0.5597656265625 0.2666015640625
0 0.5693359375 0.3632812484375 0.5625 0.3681640640625 0.5611328109375 0.3925781234375 0.5652343734375 0.4130859359375 0.5693359375 0.4160156234375 0.5830078109375 0.4140625 0.5925781265625 0.3994140640625 0.5925781265625 0.3759765640625 0.589843746875 0.3681640640625 0.5830078109375 0.3632812484375 0.5693359375 0.3632812484375
0 0.5625 0.4716796875 0.5638671890625 0.4960937515625 0.567968746875 0.5166015640625 0.5720703109375 0.5195312484375 0.5830078109375 0.5195312484375 0.5953125 0.5009765640625 0.5953125 0.4775390640625 0.5857421890625 0.4628906234375 0.5720703109375 0.4628906234375 0.5625 0.4716796875
0 0.5748046890625 0.5683593765625 0.5652343734375 0.5771484359375 0.5638671890625 0.6015625 0.5652343734375 0.6103515640625 0.5748046890625 0.6171875 0.5802734375 0.6191406234375 0.589843746875 0.6162109359375 0.5953125 0.6064453125 0.5953125 0.5771484359375 0.5857421890625 0.5683593765625 0.5748046890625 0.5683593765625
0 0.5611328109375 0.6992187515625 0.5693359375 0.7050781234375 0.5802734375 0.7050781234375 0.5871093734375 0.6982421875 0.589843746875 0.6611328125 0.5830078109375 0.65625 0.5720703109375 0.65625 0.5597656265625 0.6689453125 0.5611328109375 0.6992187515625
0 0.5625 0.7431640640625 0.5611328109375 0.7578125 0.5652343734375 0.7822265640625 0.5720703109375 0.7890625 0.5802734375 0.7910156234375 0.5925781265625 0.7822265640625 0.589843746875 0.7548828125 0.5802734375 0.7402343765625 0.5666015625 0.7402343765625 0.5625 0.7431640640625
0 0.5625 0.8447265640625 0.5638671890625 0.875 0.5720703109375 0.8847656234375 0.5857421890625 0.8828125 0.589843746875 0.8779296875 0.5925781265625 0.8427734359375 0.5857421890625 0.8378906234375 0.5775390625 0.8359375 0.5693359375 0.8378906234375 0.5625 0.8447265640625
0 0.5666015625 0.9238281234375 0.5597656265625 0.9287109359375 0.5583984375 0.9667968765625 0.5625 0.9853515640625 0.5748046890625 0.9921875 0.5830078109375 0.9921875 0.589843746875 0.9873046875 0.589843746875 0.9365234359375 0.5871093734375 0.9287109359375 0.5802734375 0.9238281234375 0.5666015625 0.9238281234375
0 0.3300781265625 0.9443359359375 0.3314453109375 0.9550781234375 0.3587890625 0.9785156234375 0.3751953109375 0.9824218765625 0.3875 0.9775390640625 0.3902343734375 0.9716796875 0.3847656265625 0.9638671875 0.3533203109375 0.9414062484375 0.3369140625 0.9394531234375 0.3300781265625 0.9443359359375
0 0.2330078109375 0.8964843765625 0.22207031093750002 0.8964843765625 0.217968746875 0.8994140640625 0.2193359375 0.9121093765625 0.2384765625 0.9257812484375 0.2603515625 0.9355468765625 0.2740234375 0.9375 0.2822265625 0.9355468765625 0.2863281265625 0.9306640640625 0.2863281265625 0.9248046875 0.2712890625 0.9140625 0.2330078109375 0.8964843765625
0 0.1291015625 0.8496093765625 0.1222656265625 0.8544921875 0.1236328109375 0.8613281234375 0.130468746875 0.8720703125 0.1482421890625 0.8847656234375 0.16738281093750002 0.8886718765625 0.174218746875 0.8837890640625 0.174218746875 0.8759765640625 0.16875 0.8681640640625 0.1427734375 0.8515625 0.1291015625 0.8496093765625
0 0.0894531265625 0.7841796875 0.09082031093750001 0.8125 0.0921875 0.8193359359375 0.0990234375 0.8242187515625 0.1099609375 0.8242187515625 0.1167968734375 0.8154296875 0.1167968734375 0.7822265640625 0.10449218906249999 0.7753906234375 0.0962890625 0.7773437515625 0.0894531265625 0.7841796875
0 0.1386718734375 0.7255859359375 0.130468746875 0.7353515640625 0.1291015625 0.7441406234375 0.1345703109375 0.75 0.1482421890625 0.75 0.1755859375 0.7363281234375 0.185156253125 0.7216796875 0.185156253125 0.7138671875 0.1728515625 0.7070312484375 0.1619140625 0.7089843765625 0.1386718734375 0.7255859359375
0 0.2316406265625 0.6904296875 0.2275390625 0.7011718765625 0.2330078109375 0.7070312484375 0.2521484375 0.7070312484375 0.2658203109375 0.703125 0.2863281265625 0.6865234359375 0.2890625 0.6767578125 0.2822265625 0.671875 0.2576171890625 0.6738281234375 0.2316406265625 0.6904296875
0 0.327343746875 0.6220703125 0.3259765625 0.6425781234375 0.3314453109375 0.6484375 0.3423828109375 0.6484375 0.3546875 0.6416015640625 0.3628906265625 0.6259765640625 0.3628906265625 0.6123046875 0.3560546890625 0.6054687515625 0.3451171890625 0.6054687515625 0.327343746875 0.6220703125
0 0.3396484375 0.5429687515625 0.3546875 0.5654296875 0.3669921890625 0.5664062484375 0.371093746875 0.5615234359375 0.371093746875 0.5439453125 0.3533203109375 0.5253906234375 0.3423828109375 0.5253906234375 0.338281253125 0.5283203125 0.3396484375 0.5429687515625
0 0.2494140625 0.4707031234375 0.2453125 0.4755859359375 0.24667968906249998 0.4824218765625 0.25625 0.4951171875 0.2767578109375 0.5078125 0.2986328109375 0.5078125 0.3027343734375 0.5048828125 0.3 0.4951171875 0.2630859375 0.4707031234375 0.2576171890625 0.46875 0.2494140625 0.4707031234375
0 0.16054687343750002 0.4345703125 0.1619140625 0.4433593765625 0.1755859375 0.4589843765625 0.1865234375 0.4628906234375 0.2029296890625 0.4628906234375 0.20703125312499998 0.4599609359375 0.2042968734375 0.4501953125 0.1810546890625 0.4316406234375 0.16738281093750002 0.4296875 0.16054687343750002 0.4345703125
0 0.1099609375 0.3886718765625 0.1181640625 0.4042968765625 0.1291015625 0.40625 0.1359375 0.4013671875 0.1386718734375 0.3779296875 0.1263671890625 0.3632812484375 0.1154296890625 0.3632812484375 0.11132812656249999 0.3662109359375 0.1099609375 0.3886718765625
0 0.14414062656249998 0.3056640640625 0.1359375 0.3232421875 0.13730468906249998 0.3320312484375 0.1427734375 0.3359375 0.1509765625 0.3359375 0.174218746875 0.3212890640625 0.1796875 0.3115234359375 0.1796875 0.2998046875 0.1728515625 0.2949218765625 0.1564453109375 0.296875 0.14414062656249998 0.3056640640625
0 0.2207031265625 0.2685546875 0.21523437343750002 0.2763671875 0.2166015625 0.28125 0.22207031093750002 0.2851562484375 0.2357421890625 0.2851562484375 0.2494140625 0.2792968765625 0.2671875 0.2646484359375 0.2671875 0.2548828125 0.2548828109375 0.25 0.2357421890625 0.2558593765625 0.2207031265625 0.2685546875
0 0.2876953109375 0.2304687515625 0.3013671890625 0.2324218765625 0.3246093734375 0.2158203125 0.327343746875 0.2001953125 0.3232421890625 0.1972656234375 0.3123046890625 0.1953125 0.3 0.2001953125 0.2863281265625 0.2177734359375 0.2876953109375 0.2304687515625
0 0.3369140625 0.1367187515625 0.3328125 0.1396484359375 0.3341796890625 0.1601562484375 0.3410156265625 0.1728515640625 0.3478515625 0.1777343765625 0.3560546890625 0.1777343765625 0.3628906265625 0.1728515640625 0.365625 0.1650390640625 0.3628906265625 0.1494140640625 0.3505859375 0.1367187515625 0.3369140625 0.1367187515625
0 0.2685546890625 0.08398437656249999 0.261718746875 0.0908203125 0.2630859375 0.09570312343750001 0.2822265625 0.11523437656249999 0.2931640625 0.11914062343750001 0.3041015625 0.11914062343750001 0.3082031265625 0.11621093593750001 0.30546874687500003 0.0986328125 0.2904296890625 0.08789062343750001 0.2794921890625 0.08398437656249999 0.2685546890625 0.08398437656249999
0 0.185156253125 0.0498046875 0.1865234375 0.0585937515625 0.2111328109375 0.07617187656249999 0.2302734375 0.078125 0.234375 0.0751953125 0.234375 0.0654296875 0.2261718734375 0.0556640640625 0.2056640625 0.044921876562500004 0.19199218906249998 0.044921876562500004 0.185156253125 0.0498046875
0 0.1167968734375 0.016601564062499997 0.1181640625 0.0253906234375 0.1222656265625 0.032226564062500004 0.13730468906249998 0.041015623437499996 0.1482421890625 0.042968751562500004 0.1578125 0.038085935937499996 0.1578125 0.024414064062499997 0.13730468906249998 0.011718751562500001 0.1263671890625 0.009765623437499999 0.1167968734375 0.016601564062499997